2022/08/20-22:38:19.091805 1857c RocksDB version: 5.18.4
2022/08/20-22:38:19.091918 1857c Git sha rocksdb_build_git_sha:@b9a4a10659969c71e6f6eab4e4bae8c36ede919f@
2022/08/20-22:38:19.091953 1857c Compile date Mar 11 2020
2022/08/20-22:38:19.091991 1857c DB SUMMARY
2022/08/20-22:38:19.092195 1857c CURRENT file:  CURRENT
2022/08/20-22:38:19.092230 1857c IDENTITY file:  IDENTITY
2022/08/20-22:38:19.092266 1857c MANIFEST file:  MANIFEST-000004 size: 107 Bytes
2022/08/20-22:38:19.092294 1857c SST files in D:\gitworkspace\gulimail\nacos\data\protocol\raft\naming_persistent_service_v2\log dir, Total Num: 0, files: 
2022/08/20-22:38:19.092322 1857c Write Ahead Log file in D:\gitworkspace\gulimail\nacos\data\protocol\raft\naming_persistent_service_v2\log: 000003.log size: 110 ; 
2022/08/20-22:38:19.092485 1857c                         Options.error_if_exists: 0
2022/08/20-22:38:19.092511 1857c                       Options.create_if_missing: 1
2022/08/20-22:38:19.092524 1857c                         Options.paranoid_checks: 1
2022/08/20-22:38:19.092536 1857c                                     Options.env: 00000000009C1B40
2022/08/20-22:38:19.092549 1857c                                Options.info_log: 000000002C319B40
2022/08/20-22:38:19.092561 1857c                Options.max_file_opening_threads: 16
2022/08/20-22:38:19.092577 1857c                              Options.statistics: 000000002C2FE440
2022/08/20-22:38:19.092590 1857c                               Options.use_fsync: 0
2022/08/20-22:38:19.092602 1857c                       Options.max_log_file_size: 0
2022/08/20-22:38:19.092614 1857c                  Options.max_manifest_file_size: 1073741824
2022/08/20-22:38:19.092627 1857c                   Options.log_file_time_to_roll: 0
2022/08/20-22:38:19.092639 1857c                       Options.keep_log_file_num: 1000
2022/08/20-22:38:19.092651 1857c                    Options.recycle_log_file_num: 0
2022/08/20-22:38:19.092664 1857c                         Options.allow_fallocate: 1
2022/08/20-22:38:19.092676 1857c                        Options.allow_mmap_reads: 0
2022/08/20-22:38:19.092688 1857c                       Options.allow_mmap_writes: 0
2022/08/20-22:38:19.092700 1857c                        Options.use_direct_reads: 0
2022/08/20-22:38:19.092712 1857c                        Options.use_direct_io_for_flush_and_compaction: 0
2022/08/20-22:38:19.092725 1857c          Options.create_missing_column_families: 1
2022/08/20-22:38:19.092737 1857c                              Options.db_log_dir: 
2022/08/20-22:38:19.092749 1857c                                 Options.wal_dir: D:\gitworkspace\gulimail\nacos\data\protocol\raft\naming_persistent_service_v2\log
2022/08/20-22:38:19.092762 1857c                Options.table_cache_numshardbits: 6
2022/08/20-22:38:19.092774 1857c                      Options.max_subcompactions: 1
2022/08/20-22:38:19.092787 1857c                  Options.max_background_flushes: 1
2022/08/20-22:38:19.092799 1857c                         Options.WAL_ttl_seconds: 0
2022/08/20-22:38:19.092811 1857c                       Options.WAL_size_limit_MB: 0
2022/08/20-22:38:19.092823 1857c             Options.manifest_preallocation_size: 4194304
2022/08/20-22:38:19.092836 1857c                     Options.is_fd_close_on_exec: 1
2022/08/20-22:38:19.092848 1857c                   Options.advise_random_on_open: 1
2022/08/20-22:38:19.092860 1857c                    Options.db_write_buffer_size: 0
2022/08/20-22:38:19.092873 1857c                    Options.write_buffer_manager: 000000002C314C90
2022/08/20-22:38:19.092885 1857c         Options.access_hint_on_compaction_start: 1
2022/08/20-22:38:19.092897 1857c  Options.new_table_reader_for_compaction_inputs: 0
2022/08/20-22:38:19.092909 1857c           Options.random_access_max_buffer_size: 1048576
2022/08/20-22:38:19.092921 1857c                      Options.use_adaptive_mutex: 0
2022/08/20-22:38:19.092934 1857c                            Options.rate_limiter: 0000000000000000
2022/08/20-22:38:19.092946 1857c     Options.sst_file_manager.rate_bytes_per_sec: 0
2022/08/20-22:38:19.092959 1857c                       Options.wal_recovery_mode: 2
2022/08/20-22:38:19.093000 1857c                  Options.enable_thread_tracking: 0
2022/08/20-22:38:19.093014 1857c                  Options.enable_pipelined_write: 0
2022/08/20-22:38:19.093026 1857c         Options.allow_concurrent_memtable_write: 1
2022/08/20-22:38:19.093042 1857c      Options.enable_write_thread_adaptive_yield: 1
2022/08/20-22:38:19.093054 1857c             Options.write_thread_max_yield_usec: 100
2022/08/20-22:38:19.093067 1857c            Options.write_thread_slow_yield_usec: 3
2022/08/20-22:38:19.093082 1857c                               Options.row_cache: None
2022/08/20-22:38:19.093158 1857c                              Options.wal_filter: None
2022/08/20-22:38:19.093203 1857c             Options.avoid_flush_during_recovery: 0
2022/08/20-22:38:19.093220 1857c             Options.allow_ingest_behind: 0
2022/08/20-22:38:19.093237 1857c             Options.preserve_deletes: 0
2022/08/20-22:38:19.093250 1857c             Options.two_write_queues: 0
2022/08/20-22:38:19.093268 1857c             Options.manual_wal_flush: 0
2022/08/20-22:38:19.093281 1857c             Options.max_background_jobs: 2
2022/08/20-22:38:19.093293 1857c             Options.max_background_compactions: 4
2022/08/20-22:38:19.093305 1857c             Options.avoid_flush_during_shutdown: 0
2022/08/20-22:38:19.093317 1857c           Options.writable_file_max_buffer_size: 1048576
2022/08/20-22:38:19.093330 1857c             Options.delayed_write_rate : 16777216
2022/08/20-22:38:19.093342 1857c             Options.max_total_wal_size: 0
2022/08/20-22:38:19.093355 1857c             Options.delete_obsolete_files_period_micros: 21600000000
2022/08/20-22:38:19.093367 1857c                   Options.stats_dump_period_sec: 600
2022/08/20-22:38:19.093379 1857c                          Options.max_open_files: -1
2022/08/20-22:38:19.093391 1857c                          Options.bytes_per_sync: 0
2022/08/20-22:38:19.093404 1857c                      Options.wal_bytes_per_sync: 0
2022/08/20-22:38:19.093416 1857c       Options.compaction_readahead_size: 0
2022/08/20-22:38:19.093429 1857c Compression algorithms supported:
2022/08/20-22:38:19.093442 1857c 	kZSTD supported: 1
2022/08/20-22:38:19.093454 1857c 	kSnappyCompression supported: 1
2022/08/20-22:38:19.093466 1857c 	kBZip2Compression supported: 0
2022/08/20-22:38:19.093478 1857c 	kZlibCompression supported: 1
2022/08/20-22:38:19.093491 1857c 	kLZ4Compression supported: 1
2022/08/20-22:38:19.093503 1857c 	kXpressCompression supported: 0
2022/08/20-22:38:19.093515 1857c 	kLZ4HCCompression supported: 1
2022/08/20-22:38:19.093528 1857c 	kZSTDNotFinalCompression supported: 1
2022/08/20-22:38:19.093550 1857c Fast CRC32 supported: Supported on x86
2022/08/20-22:38:19.094346 1857c [db\version_set.cc:3508] Recovering from manifest file: MANIFEST-000004
2022/08/20-22:38:19.094544 1857c [db\column_family.cc:474] --------------- Options for column family [default]:
2022/08/20-22:38:19.094576 1857c               Options.comparator: leveldb.BytewiseComparator
2022/08/20-22:38:19.094592 1857c           Options.merge_operator: StringAppendOperator
2022/08/20-22:38:19.094604 1857c        Options.compaction_filter: None
2022/08/20-22:38:19.094617 1857c        Options.compaction_filter_factory: None
2022/08/20-22:38:19.094629 1857c         Options.memtable_factory: SkipListFactory
2022/08/20-22:38:19.094641 1857c            Options.table_factory: BlockBasedTable
2022/08/20-22:38:19.094689 1857c            table_factory options:   flush_block_policy_factory: FlushBlockBySizePolicyFactory (0000000000985C30)
  cache_index_and_filter_blocks: 0
  cache_index_and_filter_blocks_with_high_priority: 1
  pin_l0_filter_and_index_blocks_in_cache: 1
  pin_top_level_index_and_filter: 1
  index_type: 2
  hash_index_allow_collision: 1
  checksum: 1
  no_block_cache: 0
  block_cache: 00000000009EC6E0
  block_cache_name: LRUCache
  block_cache_options:
    capacity : 536870912
    num_shard_bits : 8
    strict_capacity_limit : 0
    memory_allocator : None
    high_pri_pool_ratio: 0.000
  block_cache_compressed: 0000000000000000
  persistent_cache: 0000000000000000
  block_size: 4096
  block_size_deviation: 10
  block_restart_interval: 16
  index_block_restart_interval: 1
  metadata_block_size: 8192
  partition_filters: 1
  use_delta_encoding: 1
  filter_policy: nullptr
  whole_key_filtering: 1
  verify_compression: 0
  read_amp_bytes_per_bit: 0
  format_version: 0
  enable_index_compression: 1
  block_align: 0
2022/08/20-22:38:19.094733 1857c        Options.write_buffer_size: 67108864
2022/08/20-22:38:19.094748 1857c  Options.max_write_buffer_number: 3
2022/08/20-22:38:19.094760 1857c          Options.compression: Snappy
2022/08/20-22:38:19.094773 1857c                  Options.bottommost_compression: Disabled
2022/08/20-22:38:19.094785 1857c       Options.prefix_extractor: rocksdb.FixedPrefix.8
2022/08/20-22:38:19.094798 1857c   Options.memtable_insert_with_hint_prefix_extractor: nullptr
2022/08/20-22:38:19.094810 1857c             Options.num_levels: 7
2022/08/20-22:38:19.094822 1857c        Options.min_write_buffer_number_to_merge: 1
2022/08/20-22:38:19.094834 1857c     Options.max_write_buffer_number_to_maintain: 0
2022/08/20-22:38:19.094846 1857c            Options.bottommost_compression_opts.window_bits: -14
2022/08/20-22:38:19.094859 1857c                  Options.bottommost_compression_opts.level: 32767
2022/08/20-22:38:19.094871 1857c               Options.bottommost_compression_opts.strategy: 0
2022/08/20-22:38:19.094883 1857c         Options.bottommost_compression_opts.max_dict_bytes: 0
2022/08/20-22:38:19.094896 1857c         Options.bottommost_compression_opts.zstd_max_train_bytes: 0
2022/08/20-22:38:19.094908 1857c                  Options.bottommost_compression_opts.enabled: false
2022/08/20-22:38:19.094920 1857c            Options.compression_opts.window_bits: -14
2022/08/20-22:38:19.094932 1857c                  Options.compression_opts.level: 32767
2022/08/20-22:38:19.094945 1857c               Options.compression_opts.strategy: 0
2022/08/20-22:38:19.094957 1857c         Options.compression_opts.max_dict_bytes: 0
2022/08/20-22:38:19.094969 1857c         Options.compression_opts.zstd_max_train_bytes: 0
2022/08/20-22:38:19.094981 1857c                  Options.compression_opts.enabled: false
2022/08/20-22:38:19.094993 1857c      Options.level0_file_num_compaction_trigger: 10
2022/08/20-22:38:19.095006 1857c          Options.level0_slowdown_writes_trigger: 20
2022/08/20-22:38:19.095018 1857c              Options.level0_stop_writes_trigger: 40
2022/08/20-22:38:19.095030 1857c                   Options.target_file_size_base: 67108864
2022/08/20-22:38:19.095042 1857c             Options.target_file_size_multiplier: 1
2022/08/20-22:38:19.095054 1857c                Options.max_bytes_for_level_base: 536870912
2022/08/20-22:38:19.095067 1857c Options.level_compaction_dynamic_level_bytes: 0
2022/08/20-22:38:19.095079 1857c          Options.max_bytes_for_level_multiplier: 10.000000
2022/08/20-22:38:19.095098 1857c Options.max_bytes_for_level_multiplier_addtl[0]: 1
2022/08/20-22:38:19.095111 1857c Options.max_bytes_for_level_multiplier_addtl[1]: 1
2022/08/20-22:38:19.095123 1857c Options.max_bytes_for_level_multiplier_addtl[2]: 1
2022/08/20-22:38:19.095135 1857c Options.max_bytes_for_level_multiplier_addtl[3]: 1
2022/08/20-22:38:19.095147 1857c Options.max_bytes_for_level_multiplier_addtl[4]: 1
2022/08/20-22:38:19.095159 1857c Options.max_bytes_for_level_multiplier_addtl[5]: 1
2022/08/20-22:38:19.095172 1857c Options.max_bytes_for_level_multiplier_addtl[6]: 1
2022/08/20-22:38:19.095184 1857c       Options.max_sequential_skip_in_iterations: 8
2022/08/20-22:38:19.095196 1857c                    Options.max_compaction_bytes: 1677721600
2022/08/20-22:38:19.095208 1857c                        Options.arena_block_size: 8388608
2022/08/20-22:38:19.095220 1857c   Options.soft_pending_compaction_bytes_limit: 68719476736
2022/08/20-22:38:19.095232 1857c   Options.hard_pending_compaction_bytes_limit: 274877906944
2022/08/20-22:38:19.095245 1857c       Options.rate_limit_delay_max_milliseconds: 100
2022/08/20-22:38:19.095258 1857c                Options.disable_auto_compactions: 0
2022/08/20-22:38:19.095272 1857c                        Options.compaction_style: kCompactionStyleLevel
2022/08/20-22:38:19.095285 1857c                          Options.compaction_pri: kByCompensatedSize
2022/08/20-22:38:19.095297 1857c Options.compaction_options_universal.size_ratio: 1
2022/08/20-22:38:19.095309 1857c Options.compaction_options_universal.min_merge_width: 2
2022/08/20-22:38:19.095321 1857c Options.compaction_options_universal.max_merge_width: 4294967295
2022/08/20-22:38:19.095334 1857c Options.compaction_options_universal.max_size_amplification_percent: 200
2022/08/20-22:38:19.095346 1857c Options.compaction_options_universal.compression_size_percent: -1
2022/08/20-22:38:19.095359 1857c Options.compaction_options_universal.stop_style: kCompactionStopStyleTotalSize
2022/08/20-22:38:19.095371 1857c Options.compaction_options_fifo.max_table_files_size: 1073741824
2022/08/20-22:38:19.095383 1857c Options.compaction_options_fifo.allow_compaction: 0
2022/08/20-22:38:19.095395 1857c Options.compaction_options_fifo.ttl: 0
2022/08/20-22:38:19.095408 1857c                   Options.table_properties_collectors: 
2022/08/20-22:38:19.095420 1857c                   Options.inplace_update_support: 0
2022/08/20-22:38:19.095432 1857c                 Options.inplace_update_num_locks: 10000
2022/08/20-22:38:19.095444 1857c               Options.memtable_prefix_bloom_size_ratio: 0.125000
2022/08/20-22:38:19.095457 1857c   Options.memtable_huge_page_size: 0
2022/08/20-22:38:19.095469 1857c                           Options.bloom_locality: 0
2022/08/20-22:38:19.095481 1857c                    Options.max_successive_merges: 0
2022/08/20-22:38:19.095493 1857c                Options.optimize_filters_for_hits: 0
2022/08/20-22:38:19.095506 1857c                Options.paranoid_file_checks: 0
2022/08/20-22:38:19.095518 1857c                Options.force_consistency_checks: 1
2022/08/20-22:38:19.095530 1857c                Options.report_bg_io_stats: 0
2022/08/20-22:38:19.095542 1857c                               Options.ttl: 0
2022/08/20-22:38:19.096980 1857c [db\column_family.cc:474] --------------- Options for column family [Configuration]:
2022/08/20-22:38:19.097002 1857c               Options.comparator: leveldb.BytewiseComparator
2022/08/20-22:38:19.097015 1857c           Options.merge_operator: StringAppendOperator
2022/08/20-22:38:19.097027 1857c        Options.compaction_filter: None
2022/08/20-22:38:19.097039 1857c        Options.compaction_filter_factory: None
2022/08/20-22:38:19.097052 1857c         Options.memtable_factory: SkipListFactory
2022/08/20-22:38:19.097064 1857c            Options.table_factory: BlockBasedTable
2022/08/20-22:38:19.097101 1857c            table_factory options:   flush_block_policy_factory: FlushBlockBySizePolicyFactory (0000000000985C30)
  cache_index_and_filter_blocks: 0
  cache_index_and_filter_blocks_with_high_priority: 1
  pin_l0_filter_and_index_blocks_in_cache: 1
  pin_top_level_index_and_filter: 1
  index_type: 2
  hash_index_allow_collision: 1
  checksum: 1
  no_block_cache: 0
  block_cache: 00000000009EC6E0
  block_cache_name: LRUCache
  block_cache_options:
    capacity : 536870912
    num_shard_bits : 8
    strict_capacity_limit : 0
    memory_allocator : None
    high_pri_pool_ratio: 0.000
  block_cache_compressed: 0000000000000000
  persistent_cache: 0000000000000000
  block_size: 4096
  block_size_deviation: 10
  block_restart_interval: 16
  index_block_restart_interval: 1
  metadata_block_size: 8192
  partition_filters: 1
  use_delta_encoding: 1
  filter_policy: nullptr
  whole_key_filtering: 1
  verify_compression: 0
  read_amp_bytes_per_bit: 0
  format_version: 0
  enable_index_compression: 1
  block_align: 0
2022/08/20-22:38:19.097115 1857c        Options.write_buffer_size: 67108864
2022/08/20-22:38:19.097127 1857c  Options.max_write_buffer_number: 3
2022/08/20-22:38:19.097139 1857c          Options.compression: Snappy
2022/08/20-22:38:19.097152 1857c                  Options.bottommost_compression: Disabled
2022/08/20-22:38:19.097205 1857c       Options.prefix_extractor: rocksdb.FixedPrefix.8
2022/08/20-22:38:19.097219 1857c   Options.memtable_insert_with_hint_prefix_extractor: nullptr
2022/08/20-22:38:19.097232 1857c             Options.num_levels: 7
2022/08/20-22:38:19.097244 1857c        Options.min_write_buffer_number_to_merge: 1
2022/08/20-22:38:19.097256 1857c     Options.max_write_buffer_number_to_maintain: 0
2022/08/20-22:38:19.097268 1857c            Options.bottommost_compression_opts.window_bits: -14
2022/08/20-22:38:19.097281 1857c                  Options.bottommost_compression_opts.level: 32767
2022/08/20-22:38:19.097293 1857c               Options.bottommost_compression_opts.strategy: 0
2022/08/20-22:38:19.097305 1857c         Options.bottommost_compression_opts.max_dict_bytes: 0
2022/08/20-22:38:19.097318 1857c         Options.bottommost_compression_opts.zstd_max_train_bytes: 0
2022/08/20-22:38:19.097330 1857c                  Options.bottommost_compression_opts.enabled: false
2022/08/20-22:38:19.097342 1857c            Options.compression_opts.window_bits: -14
2022/08/20-22:38:19.097354 1857c                  Options.compression_opts.level: 32767
2022/08/20-22:38:19.097367 1857c               Options.compression_opts.strategy: 0
2022/08/20-22:38:19.097379 1857c         Options.compression_opts.max_dict_bytes: 0
2022/08/20-22:38:19.097391 1857c         Options.compression_opts.zstd_max_train_bytes: 0
2022/08/20-22:38:19.097403 1857c                  Options.compression_opts.enabled: false
2022/08/20-22:38:19.097416 1857c      Options.level0_file_num_compaction_trigger: 10
2022/08/20-22:38:19.097428 1857c          Options.level0_slowdown_writes_trigger: 20
2022/08/20-22:38:19.097440 1857c              Options.level0_stop_writes_trigger: 40
2022/08/20-22:38:19.097452 1857c                   Options.target_file_size_base: 67108864
2022/08/20-22:38:19.097464 1857c             Options.target_file_size_multiplier: 1
2022/08/20-22:38:19.097477 1857c                Options.max_bytes_for_level_base: 536870912
2022/08/20-22:38:19.097489 1857c Options.level_compaction_dynamic_level_bytes: 0
2022/08/20-22:38:19.097501 1857c          Options.max_bytes_for_level_multiplier: 10.000000
2022/08/20-22:38:19.097515 1857c Options.max_bytes_for_level_multiplier_addtl[0]: 1
2022/08/20-22:38:19.097527 1857c Options.max_bytes_for_level_multiplier_addtl[1]: 1
2022/08/20-22:38:19.097539 1857c Options.max_bytes_for_level_multiplier_addtl[2]: 1
2022/08/20-22:38:19.097552 1857c Options.max_bytes_for_level_multiplier_addtl[3]: 1
2022/08/20-22:38:19.097564 1857c Options.max_bytes_for_level_multiplier_addtl[4]: 1
2022/08/20-22:38:19.097587 1857c Options.max_bytes_for_level_multiplier_addtl[5]: 1
2022/08/20-22:38:19.097600 1857c Options.max_bytes_for_level_multiplier_addtl[6]: 1
2022/08/20-22:38:19.097612 1857c       Options.max_sequential_skip_in_iterations: 8
2022/08/20-22:38:19.097625 1857c                    Options.max_compaction_bytes: 1677721600
2022/08/20-22:38:19.097637 1857c                        Options.arena_block_size: 8388608
2022/08/20-22:38:19.097649 1857c   Options.soft_pending_compaction_bytes_limit: 68719476736
2022/08/20-22:38:19.097662 1857c   Options.hard_pending_compaction_bytes_limit: 274877906944
2022/08/20-22:38:19.097674 1857c       Options.rate_limit_delay_max_milliseconds: 100
2022/08/20-22:38:19.097686 1857c                Options.disable_auto_compactions: 0
2022/08/20-22:38:19.097700 1857c                        Options.compaction_style: kCompactionStyleLevel
2022/08/20-22:38:19.097713 1857c                          Options.compaction_pri: kByCompensatedSize
2022/08/20-22:38:19.097726 1857c Options.compaction_options_universal.size_ratio: 1
2022/08/20-22:38:19.097738 1857c Options.compaction_options_universal.min_merge_width: 2
2022/08/20-22:38:19.097750 1857c Options.compaction_options_universal.max_merge_width: 4294967295
2022/08/20-22:38:19.097762 1857c Options.compaction_options_universal.max_size_amplification_percent: 200
2022/08/20-22:38:19.097775 1857c Options.compaction_options_universal.compression_size_percent: -1
2022/08/20-22:38:19.097789 1857c Options.compaction_options_universal.stop_style: kCompactionStopStyleTotalSize
2022/08/20-22:38:19.097802 1857c Options.compaction_options_fifo.max_table_files_size: 1073741824
2022/08/20-22:38:19.097814 1857c Options.compaction_options_fifo.allow_compaction: 0
2022/08/20-22:38:19.097826 1857c Options.compaction_options_fifo.ttl: 0
2022/08/20-22:38:19.097838 1857c                   Options.table_properties_collectors: 
2022/08/20-22:38:19.097851 1857c                   Options.inplace_update_support: 0
2022/08/20-22:38:19.097863 1857c                 Options.inplace_update_num_locks: 10000
2022/08/20-22:38:19.097875 1857c               Options.memtable_prefix_bloom_size_ratio: 0.125000
2022/08/20-22:38:19.097888 1857c   Options.memtable_huge_page_size: 0
2022/08/20-22:38:19.097900 1857c                           Options.bloom_locality: 0
2022/08/20-22:38:19.097912 1857c                    Options.max_successive_merges: 0
2022/08/20-22:38:19.097924 1857c                Options.optimize_filters_for_hits: 0
2022/08/20-22:38:19.097936 1857c                Options.paranoid_file_checks: 0
2022/08/20-22:38:19.097948 1857c                Options.force_consistency_checks: 1
2022/08/20-22:38:19.097961 1857c                Options.report_bg_io_stats: 0
2022/08/20-22:38:19.097973 1857c                               Options.ttl: 0
2022/08/20-22:38:19.101702 1857c [db\version_set.cc:3724] Recovered from manifest file:D:\gitworkspace\gulimail\nacos\data\protocol\raft\naming_persistent_service_v2\log/MANIFEST-000004 succeeded,manifest_file_number is 4, next_file_number is 6, last_sequence is 0, log_number is 0,prev_log_number is 0,max_column_family is 1,min_log_number_to_keep is 0
2022/08/20-22:38:19.101759 1857c [db\version_set.cc:3732] Column family [default] (ID 0), log number is 0
2022/08/20-22:38:19.101773 1857c [db\version_set.cc:3732] Column family [Configuration] (ID 1), log number is 3
2022/08/20-22:38:19.102924 1857c EVENT_LOG_v1 {"time_micros": 1661006299102414, "job": 1, "event": "recovery_started", "log_files": [3]}
2022/08/20-22:38:19.102957 1857c [db\db_impl_open.cc:578] Recovering log #3 mode 2
2022/08/20-22:38:19.105407 1857c EVENT_LOG_v1 {"time_micros": 1661006299105389, "cf_name": "default", "job": 1, "event": "table_file_creation", "file_number": 6, "file_size": 795, "table_properties": {"data_size": 66, "index_size": 49, "filter_size": 0, "raw_key_size": 16, "raw_average_key_size": 16, "raw_value_size": 34, "raw_average_value_size": 34, "num_data_blocks": 1, "num_entries": 1, "filter_policy_name": ""}}
2022/08/20-22:38:19.107419 1857c [db\version_set.cc:3037] Creating manifest 7
2022/08/20-22:38:19.112019 1857c EVENT_LOG_v1 {"time_micros": 1661006299112004, "cf_name": "Configuration", "job": 1, "event": "table_file_creation", "file_number": 8, "file_size": 801, "table_properties": {"data_size": 66, "index_size": 49, "filter_size": 0, "raw_key_size": 16, "raw_average_key_size": 16, "raw_value_size": 34, "raw_average_value_size": 34, "num_data_blocks": 1, "num_entries": 1, "filter_policy_name": ""}}
2022/08/20-22:38:19.114079 1857c EVENT_LOG_v1 {"time_micros": 1661006299114073, "job": 1, "event": "recovery_finished"}
2022/08/20-22:38:19.119721 1857c [db\db_impl_open.cc:1314] DB pointer 000000002C3F5030
2022/08/20-22:38:19.120169 14e54 [WARN] [db\db_impl.cc:669] ------- DUMPING STATS -------
2022/08/20-22:38:19.120196 14e54 [WARN] [db\db_impl.cc:670] 
** DB Stats **
Uptime(secs): 0.0 total, 0.0 interval
Cumulative writes: 0 writes, 0 keys, 0 commit groups, 0.0 writes per commit group, ingest: 0.00 GB, 0.00 MB/s
Cumulative WAL: 0 writes, 0 syncs, 0.00 writes per sync, written: 0.00 GB, 0.00 MB/s
Cumulative stall: 00:00:0.000 H:M:S, 0.0 percent
Interval writes: 0 writes, 0 keys, 0 commit groups, 0.0 writes per commit group, ingest: 0.00 MB, 0.00 MB/s
Interval WAL: 0 writes, 0 syncs, 0.00 writes per sync, written: 0.00 MB, 0.00 MB/s
Interval stall: 00:00:0.000 H:M:S, 0.0 percent

** Compaction Stats [default] **
Level    Files   Size     Score Read(GB)  Rn(GB) Rnp1(GB) Write(GB) Wnew(GB) Moved(GB) W-Amp Rd(MB/s) Wr(MB/s) Comp(sec) Comp(cnt) Avg(sec) KeyIn KeyDrop
----------------------------------------------------------------------------------------------------------------------------------------------------------
  L0      1/0    0.78 KB   0.1      0.0     0.0      0.0       0.0      0.0       0.0   1.0      0.0      0.3         0         1    0.002       0      0
 Sum      1/0    0.78 KB   0.0      0.0     0.0      0.0       0.0      0.0       0.0   1.0      0.0      0.3         0         1    0.002       0      0
 Int      0/0    0.00 KB   0.0      0.0     0.0      0.0       0.0      0.0       0.0   1.0      0.0      0.3         0         1    0.002       0      0
Uptime(secs): 0.0 total, 0.0 interval
Flush(GB): cumulative 0.000, interval 0.000
AddFile(GB): cumulative 0.000, interval 0.000
AddFile(Total Files): cumulative 0, interval 0
AddFile(L0 Files): cumulative 0, interval 0
AddFile(Keys): cumulative 0, interval 0
Cumulative compaction: 0.00 GB write, 0.03 MB/s write, 0.00 GB read, 0.00 MB/s read, 0.0 seconds
Interval compaction: 0.00 GB write, 0.03 MB/s write, 0.00 GB read, 0.00 MB/s read, 0.0 seconds
Stalls(count): 0 level0_slowdown, 0 level0_slowdown_with_compaction, 0 level0_numfiles, 0 level0_numfiles_with_compaction, 0 stop for pending_compaction_bytes, 0 slowdown for pending_compaction_bytes, 0 memtable_compaction, 0 memtable_slowdown, interval 0 total count

** File Read Latency Histogram By Level [default] **
** Level 0 read latency histogram (micros):
Count: 5 Average: 5.0000  StdDev: 3.52
Min: 3  Median: 3.0000  Max: 12
Percentiles: P50: 3.00 P75: 3.75 P99: 12.00 P99.9: 12.00 P99.99: 12.00
------------------------------------------------------
(       2,       3 ]        3  60.000%  60.000% ############
(       3,       4 ]        1  20.000%  80.000% ####
(      10,      15 ]        1  20.000% 100.000% ####


** Compaction Stats [Configuration] **
Level    Files   Size     Score Read(GB)  Rn(GB) Rnp1(GB) Write(GB) Wnew(GB) Moved(GB) W-Amp Rd(MB/s) Wr(MB/s) Comp(sec) Comp(cnt) Avg(sec) KeyIn KeyDrop
----------------------------------------------------------------------------------------------------------------------------------------------------------
  L0      1/0    0.78 KB   0.1      0.0     0.0      0.0       0.0      0.0       0.0   1.0      0.0      0.6         0         1    0.001       0      0
 Sum      1/0    0.78 KB   0.0      0.0     0.0      0.0       0.0      0.0       0.0   1.0      0.0      0.6         0         1    0.001       0      0
 Int      0/0    0.00 KB   0.0      0.0     0.0      0.0       0.0      0.0       0.0   1.0      0.0      0.6         0         1    0.001       0      0
Uptime(secs): 0.0 total, 0.0 interval
Flush(GB): cumulative 0.000, interval 0.000
AddFile(GB): cumulative 0.000, interval 0.000
AddFile(Total Files): cumulative 0, interval 0
AddFile(L0 Files): cumulative 0, interval 0
AddFile(Keys): cumulative 0, interval 0
Cumulative compaction: 0.00 GB write, 0.03 MB/s write, 0.00 GB read, 0.00 MB/s read, 0.0 seconds
Interval compaction: 0.00 GB write, 0.03 MB/s write, 0.00 GB read, 0.00 MB/s read, 0.0 seconds
Stalls(count): 0 level0_slowdown, 0 level0_slowdown_with_compaction, 0 level0_numfiles, 0 level0_numfiles_with_compaction, 0 stop for pending_compaction_bytes, 0 slowdown for pending_compaction_bytes, 0 memtable_compaction, 0 memtable_slowdown, interval 0 total count

** File Read Latency Histogram By Level [Configuration] **
** Level 0 read latency histogram (micros):
Count: 5 Average: 4.2000  StdDev: 3.43
Min: 2  Median: 2.2500  Max: 11
Percentiles: P50: 2.25 P75: 2.88 P99: 11.00 P99.9: 11.00 P99.99: 11.00
------------------------------------------------------
(       1,       2 ]        2  40.000%  40.000% ########
(       2,       3 ]        2  40.000%  80.000% ########
(      10,      15 ]        1  20.000% 100.000% ####


** Compaction Stats [default] **
Level    Files   Size     Score Read(GB)  Rn(GB) Rnp1(GB) Write(GB) Wnew(GB) Moved(GB) W-Amp Rd(MB/s) Wr(MB/s) Comp(sec) Comp(cnt) Avg(sec) KeyIn KeyDrop
----------------------------------------------------------------------------------------------------------------------------------------------------------
  L0      1/0    0.78 KB   0.1      0.0     0.0      0.0       0.0      0.0       0.0   1.0      0.0      0.3         0         1    0.002       0      0
 Sum      1/0    0.78 KB   0.0      0.0     0.0      0.0       0.0      0.0       0.0   1.0      0.0      0.3         0         1    0.002       0      0
 Int      0/0    0.00 KB   0.0      0.0     0.0      0.0       0.0      0.0       0.0   0.0      0.0      0.0         0         0    0.000       0      0
Uptime(secs): 0.0 total, 0.0 interval
Flush(GB): cumulative 0.000, interval 0.000
AddFile(GB): cumulative 0.000, interval 0.000
AddFile(Total Files): cumulative 0, interval 0
AddFile(L0 Files): cumulative 0, interval 0
AddFile(Keys): cumulative 0, interval 0
Cumulative compaction: 0.00 GB write, 0.03 MB/s write, 0.00 GB read, 0.00 MB/s read, 0.0 seconds
Interval compaction: 0.00 GB write, 0.00 MB/s write, 0.00 GB read, 0.00 MB/s read, 0.0 seconds
Stalls(count): 0 level0_slowdown, 0 level0_slowdown_with_compaction, 0 level0_numfiles, 0 level0_numfiles_with_compaction, 0 stop for pending_compaction_bytes, 0 slowdown for pending_compaction_bytes, 0 memtable_compaction, 0 memtable_slowdown, interval 0 total count

** File Read Latency Histogram By Level [default] **
** Level 0 read latency histogram (micros):
Count: 5 Average: 5.0000  StdDev: 3.52
Min: 3  Median: 3.0000  Max: 12
Percentiles: P50: 3.00 P75: 3.75 P99: 12.00 P99.9: 12.00 P99.99: 12.00
------------------------------------------------------
(       2,       3 ]        3  60.000%  60.000% ############
(       3,       4 ]        1  20.000%  80.000% ####
(      10,      15 ]        1  20.000% 100.000% ####


** Compaction Stats [Configuration] **
Level    Files   Size     Score Read(GB)  Rn(GB) Rnp1(GB) Write(GB) Wnew(GB) Moved(GB) W-Amp Rd(MB/s) Wr(MB/s) Comp(sec) Comp(cnt) Avg(sec) KeyIn KeyDrop
----------------------------------------------------------------------------------------------------------------------------------------------------------
  L0      1/0    0.78 KB   0.1      0.0     0.0      0.0       0.0      0.0       0.0   1.0      0.0      0.6         0         1    0.001       0      0
 Sum      1/0    0.78 KB   0.0      0.0     0.0      0.0       0.0      0.0       0.0   1.0      0.0      0.6         0         1    0.001       0      0
 Int      0/0    0.00 KB   0.0      0.0     0.0      0.0       0.0      0.0       0.0   0.0      0.0      0.0         0         0    0.000       0      0
Uptime(secs): 0.0 total, 0.0 interval
Flush(GB): cumulative 0.000, interval 0.000
AddFile(GB): cumulative 0.000, interval 0.000
AddFile(Total Files): cumulative 0, interval 0
AddFile(L0 Files): cumulative 0, interval 0
AddFile(Keys): cumulative 0, interval 0
Cumulative compaction: 0.00 GB write, 0.03 MB/s write, 0.00 GB read, 0.00 MB/s read, 0.0 seconds
Interval compaction: 0.00 GB write, 0.00 MB/s write, 0.00 GB read, 0.00 MB/s read, 0.0 seconds
Stalls(count): 0 level0_slowdown, 0 level0_slowdown_with_compaction, 0 level0_numfiles, 0 level0_numfiles_with_compaction, 0 stop for pending_compaction_bytes, 0 slowdown for pending_compaction_bytes, 0 memtable_compaction, 0 memtable_slowdown, interval 0 total count

** File Read Latency Histogram By Level [Configuration] **
** Level 0 read latency histogram (micros):
Count: 5 Average: 4.2000  StdDev: 3.43
Min: 2  Median: 2.2500  Max: 11
Percentiles: P50: 2.25 P75: 2.88 P99: 11.00 P99.9: 11.00 P99.99: 11.00
------------------------------------------------------
(       1,       2 ]        2  40.000%  40.000% ########
(       2,       3 ]        2  40.000%  80.000% ########
(      10,      15 ]        1  20.000% 100.000% ####

2022/08/20-22:38:19.120590 14e54 [WARN] [db\db_impl.cc:617] STATISTICS:
 rocksdb.block.cache.miss COUNT : 2
rocksdb.block.cache.hit COUNT : 0
rocksdb.block.cache.add COUNT : 2
rocksdb.block.cache.add.failures COUNT : 0
rocksdb.block.cache.index.miss COUNT : 2
rocksdb.block.cache.index.hit COUNT : 0
rocksdb.block.cache.index.add COUNT : 2
rocksdb.block.cache.index.bytes.insert COUNT : 204
rocksdb.block.cache.index.bytes.evict COUNT : 0
rocksdb.block.cache.filter.miss COUNT : 0
rocksdb.block.cache.filter.hit COUNT : 0
rocksdb.block.cache.filter.add COUNT : 0
rocksdb.block.cache.filter.bytes.insert COUNT : 0
rocksdb.block.cache.filter.bytes.evict COUNT : 0
rocksdb.block.cache.data.miss COUNT : 0
rocksdb.block.cache.data.hit COUNT : 0
rocksdb.block.cache.data.add COUNT : 0
rocksdb.block.cache.data.bytes.insert COUNT : 0
rocksdb.block.cache.bytes.read COUNT : 0
rocksdb.block.cache.bytes.write COUNT : 204
rocksdb.bloom.filter.useful COUNT : 0
rocksdb.bloom.filter.full.positive COUNT : 0
rocksdb.bloom.filter.full.true.positive COUNT : 0
rocksdb.persistent.cache.hit COUNT : 0
rocksdb.persistent.cache.miss COUNT : 0
rocksdb.sim.block.cache.hit COUNT : 0
rocksdb.sim.block.cache.miss COUNT : 0
rocksdb.memtable.hit COUNT : 0
rocksdb.memtable.miss COUNT : 0
rocksdb.l0.hit COUNT : 0
rocksdb.l1.hit COUNT : 0
rocksdb.l2andup.hit COUNT : 0
rocksdb.compaction.key.drop.new COUNT : 0
rocksdb.compaction.key.drop.obsolete COUNT : 0
rocksdb.compaction.key.drop.range_del COUNT : 0
rocksdb.compaction.key.drop.user COUNT : 0
rocksdb.compaction.range_del.drop.obsolete COUNT : 0
rocksdb.compaction.optimized.del.drop.obsolete COUNT : 0
rocksdb.compaction.cancelled COUNT : 0
rocksdb.number.keys.written COUNT : 0
rocksdb.number.keys.read COUNT : 0
rocksdb.number.keys.updated COUNT : 0
rocksdb.bytes.written COUNT : 0
rocksdb.bytes.read COUNT : 0
rocksdb.number.db.seek COUNT : 0
rocksdb.number.db.next COUNT : 0
rocksdb.number.db.prev COUNT : 0
rocksdb.number.db.seek.found COUNT : 0
rocksdb.number.db.next.found COUNT : 0
rocksdb.number.db.prev.found COUNT : 0
rocksdb.db.iter.bytes.read COUNT : 0
rocksdb.no.file.closes COUNT : 0
rocksdb.no.file.opens COUNT : 2
rocksdb.no.file.errors COUNT : 0
rocksdb.l0.slowdown.micros COUNT : 0
rocksdb.memtable.compaction.micros COUNT : 0
rocksdb.l0.num.files.stall.micros COUNT : 0
rocksdb.stall.micros COUNT : 0
rocksdb.db.mutex.wait.micros COUNT : 0
rocksdb.rate.limit.delay.millis COUNT : 0
rocksdb.num.iterators COUNT : 0
rocksdb.number.multiget.get COUNT : 0
rocksdb.number.multiget.keys.read COUNT : 0
rocksdb.number.multiget.bytes.read COUNT : 0
rocksdb.number.deletes.filtered COUNT : 0
rocksdb.number.merge.failures COUNT : 0
rocksdb.bloom.filter.prefix.checked COUNT : 0
rocksdb.bloom.filter.prefix.useful COUNT : 0
rocksdb.number.reseeks.iteration COUNT : 0
rocksdb.getupdatessince.calls COUNT : 0
rocksdb.block.cachecompressed.miss COUNT : 0
rocksdb.block.cachecompressed.hit COUNT : 0
rocksdb.block.cachecompressed.add COUNT : 0
rocksdb.block.cachecompressed.add.failures COUNT : 0
rocksdb.wal.synced COUNT : 0
rocksdb.wal.bytes COUNT : 0
rocksdb.write.self COUNT : 0
rocksdb.write.other COUNT : 0
rocksdb.write.timeout COUNT : 0
rocksdb.write.wal COUNT : 0
rocksdb.compact.read.bytes COUNT : 0
rocksdb.compact.write.bytes COUNT : 1596
rocksdb.flush.write.bytes COUNT : 0
rocksdb.number.direct.load.table.properties COUNT : 0
rocksdb.number.superversion_acquires COUNT : 0
rocksdb.number.superversion_releases COUNT : 0
rocksdb.number.superversion_cleanups COUNT : 0
rocksdb.number.block.compressed COUNT : 0
rocksdb.number.block.decompressed COUNT : 0
rocksdb.number.block.not_compressed COUNT : 0
rocksdb.merge.operation.time.nanos COUNT : 0
rocksdb.filter.operation.time.nanos COUNT : 0
rocksdb.row.cache.hit COUNT : 0
rocksdb.row.cache.miss COUNT : 0
rocksdb.read.amp.estimate.useful.bytes COUNT : 0
rocksdb.read.amp.total.read.bytes COUNT : 0
rocksdb.number.rate_limiter.drains COUNT : 0
rocksdb.number.iter.skip COUNT : 0
rocksdb.blobdb.num.put COUNT : 0
rocksdb.blobdb.num.write COUNT : 0
rocksdb.blobdb.num.get COUNT : 0
rocksdb.blobdb.num.multiget COUNT : 0
rocksdb.blobdb.num.seek COUNT : 0
rocksdb.blobdb.num.next COUNT : 0
rocksdb.blobdb.num.prev COUNT : 0
rocksdb.blobdb.num.keys.written COUNT : 0
rocksdb.blobdb.num.keys.read COUNT : 0
rocksdb.blobdb.bytes.written COUNT : 0
rocksdb.blobdb.bytes.read COUNT : 0
rocksdb.blobdb.write.inlined COUNT : 0
rocksdb.blobdb.write.inlined.ttl COUNT : 0
rocksdb.blobdb.write.blob COUNT : 0
rocksdb.blobdb.write.blob.ttl COUNT : 0
rocksdb.blobdb.blob.file.bytes.written COUNT : 0
rocksdb.blobdb.blob.file.bytes.read COUNT : 0
rocksdb.blobdb.blob.file.synced COUNT : 0
rocksdb.blobdb.blob.index.expired.count COUNT : 0
rocksdb.blobdb.blob.index.expired.size COUNT : 0
rocksdb.blobdb.blob.index.evicted.count COUNT : 0
rocksdb.blobdb.blob.index.evicted.size COUNT : 0
rocksdb.blobdb.gc.num.files COUNT : 0
rocksdb.blobdb.gc.num.new.files COUNT : 0
rocksdb.blobdb.gc.failures COUNT : 0
rocksdb.blobdb.gc.num.keys.overwritten COUNT : 0
rocksdb.blobdb.gc.num.keys.expired COUNT : 0
rocksdb.blobdb.gc.num.keys.relocated COUNT : 0
rocksdb.blobdb.gc.bytes.overwritten COUNT : 0
rocksdb.blobdb.gc.bytes.expired COUNT : 0
rocksdb.blobdb.gc.bytes.relocated COUNT : 0
rocksdb.blobdb.fifo.num.files.evicted COUNT : 0
rocksdb.blobdb.fifo.num.keys.evicted COUNT : 0
rocksdb.blobdb.fifo.bytes.evicted COUNT : 0
rocksdb.txn.overhead.mutex.prepare COUNT : 0
rocksdb.txn.overhead.mutex.old.commit.map COUNT : 0
rocksdb.txn.overhead.duplicate.key COUNT : 0
rocksdb.txn.overhead.mutex.snapshot COUNT : 0
rocksdb.number.multiget.keys.found COUNT : 0
rocksdb.num.iterator.created COUNT : 0
rocksdb.num.iterator.deleted COUNT : 0
rocksdb.db.get.micros P50 : 0.000000 P95 : 0.000000 P99 : 0.000000 P100 : 0.000000 COUNT : 0 SUM : 0
rocksdb.db.write.micros P50 : 0.000000 P95 : 0.000000 P99 : 0.000000 P100 : 0.000000 COUNT : 0 SUM : 0
rocksdb.compaction.times.micros P50 : 0.000000 P95 : 0.000000 P99 : 0.000000 P100 : 0.000000 COUNT : 0 SUM : 0
rocksdb.subcompaction.setup.times.micros P50 : 0.000000 P95 : 0.000000 P99 : 0.000000 P100 : 0.000000 COUNT : 0 SUM : 0
rocksdb.table.sync.micros P50 : 580.000000 P95 : 957.000000 P99 : 957.000000 P100 : 957.000000 COUNT : 2 SUM : 1489
rocksdb.compaction.outfile.sync.micros P50 : 0.000000 P95 : 0.000000 P99 : 0.000000 P100 : 0.000000 COUNT : 0 SUM : 0
rocksdb.wal.file.sync.micros P50 : 0.000000 P95 : 0.000000 P99 : 0.000000 P100 : 0.000000 COUNT : 0 SUM : 0
rocksdb.manifest.file.sync.micros P50 : 580.000000 P95 : 690.000000 P99 : 690.000000 P100 : 690.000000 COUNT : 2 SUM : 1098
rocksdb.table.open.io.micros P50 : 110.000000 P95 : 234.000000 P99 : 234.000000 P100 : 234.000000 COUNT : 2 SUM : 314
rocksdb.db.multiget.micros P50 : 0.000000 P95 : 0.000000 P99 : 0.000000 P100 : 0.000000 COUNT : 0 SUM : 0
rocksdb.read.block.compaction.micros P50 : 0.000000 P95 : 0.000000 P99 : 0.000000 P100 : 0.000000 COUNT : 0 SUM : 0
rocksdb.read.block.get.micros P50 : 1.000000 P95 : 1.000000 P99 : 1.000000 P100 : 1.000000 COUNT : 2 SUM : 2
rocksdb.write.raw.block.micros P50 : 0.714286 P95 : 5.000000 P99 : 5.000000 P100 : 5.000000 COUNT : 10 SUM : 15
rocksdb.l0.slowdown.count P50 : 0.000000 P95 : 0.000000 P99 : 0.000000 P100 : 0.000000 COUNT : 0 SUM : 0
rocksdb.memtable.compaction.count P50 : 0.000000 P95 : 0.000000 P99 : 0.000000 P100 : 0.000000 COUNT : 0 SUM : 0
