2022/08/20-22:38:19.321512 1857c RocksDB version: 5.18.4
2022/08/20-22:38:19.321581 1857c Git sha rocksdb_build_git_sha:@b9a4a10659969c71e6f6eab4e4bae8c36ede919f@
2022/08/20-22:38:19.321614 1857c Compile date Mar 11 2020
2022/08/20-22:38:19.321642 1857c DB SUMMARY
2022/08/20-22:38:19.321816 1857c CURRENT file:  CURRENT
2022/08/20-22:38:19.321849 1857c IDENTITY file:  IDENTITY
2022/08/20-22:38:19.321885 1857c MANIFEST file:  MANIFEST-000004 size: 107 Bytes
2022/08/20-22:38:19.321913 1857c SST files in D:\gitworkspace\gulimail\nacos\data\protocol\raft\naming_service_metadata\log dir, Total Num: 0, files: 
2022/08/20-22:38:19.321940 1857c Write Ahead Log file in D:\gitworkspace\gulimail\nacos\data\protocol\raft\naming_service_metadata\log: 000003.log size: 110 ; 
2022/08/20-22:38:19.322106 1857c                         Options.error_if_exists: 0
2022/08/20-22:38:19.322124 1857c                       Options.create_if_missing: 1
2022/08/20-22:38:19.322137 1857c                         Options.paranoid_checks: 1
2022/08/20-22:38:19.322149 1857c                                     Options.env: 00000000009C1B40
2022/08/20-22:38:19.322162 1857c                                Options.info_log: 000000002C4C13B0
2022/08/20-22:38:19.322175 1857c                Options.max_file_opening_threads: 16
2022/08/20-22:38:19.322187 1857c                              Options.statistics: 000000002C4BBD50
2022/08/20-22:38:19.322199 1857c                               Options.use_fsync: 0
2022/08/20-22:38:19.322212 1857c                       Options.max_log_file_size: 0
2022/08/20-22:38:19.322224 1857c                  Options.max_manifest_file_size: 1073741824
2022/08/20-22:38:19.322237 1857c                   Options.log_file_time_to_roll: 0
2022/08/20-22:38:19.322249 1857c                       Options.keep_log_file_num: 1000
2022/08/20-22:38:19.322262 1857c                    Options.recycle_log_file_num: 0
2022/08/20-22:38:19.322274 1857c                         Options.allow_fallocate: 1
2022/08/20-22:38:19.322287 1857c                        Options.allow_mmap_reads: 0
2022/08/20-22:38:19.322299 1857c                       Options.allow_mmap_writes: 0
2022/08/20-22:38:19.322328 1857c                        Options.use_direct_reads: 0
2022/08/20-22:38:19.322341 1857c                        Options.use_direct_io_for_flush_and_compaction: 0
2022/08/20-22:38:19.322353 1857c          Options.create_missing_column_families: 1
2022/08/20-22:38:19.322366 1857c                              Options.db_log_dir: 
2022/08/20-22:38:19.322378 1857c                                 Options.wal_dir: D:\gitworkspace\gulimail\nacos\data\protocol\raft\naming_service_metadata\log
2022/08/20-22:38:19.322391 1857c                Options.table_cache_numshardbits: 6
2022/08/20-22:38:19.322403 1857c                      Options.max_subcompactions: 1
2022/08/20-22:38:19.322415 1857c                  Options.max_background_flushes: 1
2022/08/20-22:38:19.322428 1857c                         Options.WAL_ttl_seconds: 0
2022/08/20-22:38:19.322440 1857c                       Options.WAL_size_limit_MB: 0
2022/08/20-22:38:19.322453 1857c             Options.manifest_preallocation_size: 4194304
2022/08/20-22:38:19.322465 1857c                     Options.is_fd_close_on_exec: 1
2022/08/20-22:38:19.322478 1857c                   Options.advise_random_on_open: 1
2022/08/20-22:38:19.322490 1857c                    Options.db_write_buffer_size: 0
2022/08/20-22:38:19.322502 1857c                    Options.write_buffer_manager: 000000002C479000
2022/08/20-22:38:19.322515 1857c         Options.access_hint_on_compaction_start: 1
2022/08/20-22:38:19.322527 1857c  Options.new_table_reader_for_compaction_inputs: 0
2022/08/20-22:38:19.322543 1857c           Options.random_access_max_buffer_size: 1048576
2022/08/20-22:38:19.322556 1857c                      Options.use_adaptive_mutex: 0
2022/08/20-22:38:19.322568 1857c                            Options.rate_limiter: 0000000000000000
2022/08/20-22:38:19.322581 1857c     Options.sst_file_manager.rate_bytes_per_sec: 0
2022/08/20-22:38:19.322593 1857c                       Options.wal_recovery_mode: 2
2022/08/20-22:38:19.322637 1857c                  Options.enable_thread_tracking: 0
2022/08/20-22:38:19.322652 1857c                  Options.enable_pipelined_write: 0
2022/08/20-22:38:19.322665 1857c         Options.allow_concurrent_memtable_write: 1
2022/08/20-22:38:19.322677 1857c      Options.enable_write_thread_adaptive_yield: 1
2022/08/20-22:38:19.322690 1857c             Options.write_thread_max_yield_usec: 100
2022/08/20-22:38:19.322702 1857c            Options.write_thread_slow_yield_usec: 3
2022/08/20-22:38:19.322715 1857c                               Options.row_cache: None
2022/08/20-22:38:19.322727 1857c                              Options.wal_filter: None
2022/08/20-22:38:19.322740 1857c             Options.avoid_flush_during_recovery: 0
2022/08/20-22:38:19.322752 1857c             Options.allow_ingest_behind: 0
2022/08/20-22:38:19.322764 1857c             Options.preserve_deletes: 0
2022/08/20-22:38:19.322777 1857c             Options.two_write_queues: 0
2022/08/20-22:38:19.322789 1857c             Options.manual_wal_flush: 0
2022/08/20-22:38:19.322801 1857c             Options.max_background_jobs: 2
2022/08/20-22:38:19.322814 1857c             Options.max_background_compactions: 4
2022/08/20-22:38:19.322826 1857c             Options.avoid_flush_during_shutdown: 0
2022/08/20-22:38:19.322839 1857c           Options.writable_file_max_buffer_size: 1048576
2022/08/20-22:38:19.322851 1857c             Options.delayed_write_rate : 16777216
2022/08/20-22:38:19.322863 1857c             Options.max_total_wal_size: 0
2022/08/20-22:38:19.322876 1857c             Options.delete_obsolete_files_period_micros: 21600000000
2022/08/20-22:38:19.322888 1857c                   Options.stats_dump_period_sec: 600
2022/08/20-22:38:19.322900 1857c                          Options.max_open_files: -1
2022/08/20-22:38:19.322913 1857c                          Options.bytes_per_sync: 0
2022/08/20-22:38:19.322925 1857c                      Options.wal_bytes_per_sync: 0
2022/08/20-22:38:19.322938 1857c       Options.compaction_readahead_size: 0
2022/08/20-22:38:19.322950 1857c Compression algorithms supported:
2022/08/20-22:38:19.322963 1857c 	kZSTD supported: 1
2022/08/20-22:38:19.322976 1857c 	kSnappyCompression supported: 1
2022/08/20-22:38:19.322988 1857c 	kBZip2Compression supported: 0
2022/08/20-22:38:19.323001 1857c 	kZlibCompression supported: 1
2022/08/20-22:38:19.323013 1857c 	kLZ4Compression supported: 1
2022/08/20-22:38:19.323025 1857c 	kXpressCompression supported: 0
2022/08/20-22:38:19.323038 1857c 	kLZ4HCCompression supported: 1
2022/08/20-22:38:19.323050 1857c 	kZSTDNotFinalCompression supported: 1
2022/08/20-22:38:19.323066 1857c Fast CRC32 supported: Supported on x86
2022/08/20-22:38:19.323881 1857c [db\version_set.cc:3508] Recovering from manifest file: MANIFEST-000004
2022/08/20-22:38:19.324028 1857c [db\column_family.cc:474] --------------- Options for column family [default]:
2022/08/20-22:38:19.324046 1857c               Options.comparator: leveldb.BytewiseComparator
2022/08/20-22:38:19.324060 1857c           Options.merge_operator: StringAppendOperator
2022/08/20-22:38:19.324072 1857c        Options.compaction_filter: None
2022/08/20-22:38:19.324085 1857c        Options.compaction_filter_factory: None
2022/08/20-22:38:19.324097 1857c         Options.memtable_factory: SkipListFactory
2022/08/20-22:38:19.324110 1857c            Options.table_factory: BlockBasedTable
2022/08/20-22:38:19.324150 1857c            table_factory options:   flush_block_policy_factory: FlushBlockBySizePolicyFactory (000000002ED8CB00)
  cache_index_and_filter_blocks: 0
  cache_index_and_filter_blocks_with_high_priority: 1
  pin_l0_filter_and_index_blocks_in_cache: 1
  pin_top_level_index_and_filter: 1
  index_type: 2
  hash_index_allow_collision: 1
  checksum: 1
  no_block_cache: 0
  block_cache: 000000002C483320
  block_cache_name: LRUCache
  block_cache_options:
    capacity : 536870912
    num_shard_bits : 8
    strict_capacity_limit : 0
    memory_allocator : None
    high_pri_pool_ratio: 0.000
  block_cache_compressed: 0000000000000000
  persistent_cache: 0000000000000000
  block_size: 4096
  block_size_deviation: 10
  block_restart_interval: 16
  index_block_restart_interval: 1
  metadata_block_size: 8192
  partition_filters: 1
  use_delta_encoding: 1
  filter_policy: nullptr
  whole_key_filtering: 1
  verify_compression: 0
  read_amp_bytes_per_bit: 0
  format_version: 0
  enable_index_compression: 1
  block_align: 0
2022/08/20-22:38:19.324195 1857c        Options.write_buffer_size: 67108864
2022/08/20-22:38:19.324210 1857c  Options.max_write_buffer_number: 3
2022/08/20-22:38:19.324223 1857c          Options.compression: Snappy
2022/08/20-22:38:19.324235 1857c                  Options.bottommost_compression: Disabled
2022/08/20-22:38:19.324248 1857c       Options.prefix_extractor: rocksdb.FixedPrefix.8
2022/08/20-22:38:19.324260 1857c   Options.memtable_insert_with_hint_prefix_extractor: nullptr
2022/08/20-22:38:19.324273 1857c             Options.num_levels: 7
2022/08/20-22:38:19.324285 1857c        Options.min_write_buffer_number_to_merge: 1
2022/08/20-22:38:19.324298 1857c     Options.max_write_buffer_number_to_maintain: 0
2022/08/20-22:38:19.324330 1857c            Options.bottommost_compression_opts.window_bits: -14
2022/08/20-22:38:19.324344 1857c                  Options.bottommost_compression_opts.level: 32767
2022/08/20-22:38:19.324356 1857c               Options.bottommost_compression_opts.strategy: 0
2022/08/20-22:38:19.324369 1857c         Options.bottommost_compression_opts.max_dict_bytes: 0
2022/08/20-22:38:19.324382 1857c         Options.bottommost_compression_opts.zstd_max_train_bytes: 0
2022/08/20-22:38:19.324394 1857c                  Options.bottommost_compression_opts.enabled: false
2022/08/20-22:38:19.324407 1857c            Options.compression_opts.window_bits: -14
2022/08/20-22:38:19.324419 1857c                  Options.compression_opts.level: 32767
2022/08/20-22:38:19.324432 1857c               Options.compression_opts.strategy: 0
2022/08/20-22:38:19.324444 1857c         Options.compression_opts.max_dict_bytes: 0
2022/08/20-22:38:19.324457 1857c         Options.compression_opts.zstd_max_train_bytes: 0
2022/08/20-22:38:19.324469 1857c                  Options.compression_opts.enabled: false
2022/08/20-22:38:19.324481 1857c      Options.level0_file_num_compaction_trigger: 10
2022/08/20-22:38:19.324494 1857c          Options.level0_slowdown_writes_trigger: 20
2022/08/20-22:38:19.324506 1857c              Options.level0_stop_writes_trigger: 40
2022/08/20-22:38:19.324519 1857c                   Options.target_file_size_base: 67108864
2022/08/20-22:38:19.324531 1857c             Options.target_file_size_multiplier: 1
2022/08/20-22:38:19.324543 1857c                Options.max_bytes_for_level_base: 536870912
2022/08/20-22:38:19.324556 1857c Options.level_compaction_dynamic_level_bytes: 0
2022/08/20-22:38:19.324568 1857c          Options.max_bytes_for_level_multiplier: 10.000000
2022/08/20-22:38:19.324583 1857c Options.max_bytes_for_level_multiplier_addtl[0]: 1
2022/08/20-22:38:19.324595 1857c Options.max_bytes_for_level_multiplier_addtl[1]: 1
2022/08/20-22:38:19.324608 1857c Options.max_bytes_for_level_multiplier_addtl[2]: 1
2022/08/20-22:38:19.324620 1857c Options.max_bytes_for_level_multiplier_addtl[3]: 1
2022/08/20-22:38:19.324632 1857c Options.max_bytes_for_level_multiplier_addtl[4]: 1
2022/08/20-22:38:19.324645 1857c Options.max_bytes_for_level_multiplier_addtl[5]: 1
2022/08/20-22:38:19.324657 1857c Options.max_bytes_for_level_multiplier_addtl[6]: 1
2022/08/20-22:38:19.324670 1857c       Options.max_sequential_skip_in_iterations: 8
2022/08/20-22:38:19.324682 1857c                    Options.max_compaction_bytes: 1677721600
2022/08/20-22:38:19.324694 1857c                        Options.arena_block_size: 8388608
2022/08/20-22:38:19.324707 1857c   Options.soft_pending_compaction_bytes_limit: 68719476736
2022/08/20-22:38:19.324719 1857c   Options.hard_pending_compaction_bytes_limit: 274877906944
2022/08/20-22:38:19.324732 1857c       Options.rate_limit_delay_max_milliseconds: 100
2022/08/20-22:38:19.324778 1857c                Options.disable_auto_compactions: 0
2022/08/20-22:38:19.324794 1857c                        Options.compaction_style: kCompactionStyleLevel
2022/08/20-22:38:19.324822 1857c                          Options.compaction_pri: kByCompensatedSize
2022/08/20-22:38:19.324837 1857c Options.compaction_options_universal.size_ratio: 1
2022/08/20-22:38:19.324849 1857c Options.compaction_options_universal.min_merge_width: 2
2022/08/20-22:38:19.324862 1857c Options.compaction_options_universal.max_merge_width: 4294967295
2022/08/20-22:38:19.324874 1857c Options.compaction_options_universal.max_size_amplification_percent: 200
2022/08/20-22:38:19.324887 1857c Options.compaction_options_universal.compression_size_percent: -1
2022/08/20-22:38:19.324904 1857c Options.compaction_options_universal.stop_style: kCompactionStopStyleTotalSize
2022/08/20-22:38:19.324921 1857c Options.compaction_options_fifo.max_table_files_size: 1073741824
2022/08/20-22:38:19.324940 1857c Options.compaction_options_fifo.allow_compaction: 0
2022/08/20-22:38:19.324954 1857c Options.compaction_options_fifo.ttl: 0
2022/08/20-22:38:19.324970 1857c                   Options.table_properties_collectors: 
2022/08/20-22:38:19.324985 1857c                   Options.inplace_update_support: 0
2022/08/20-22:38:19.325000 1857c                 Options.inplace_update_num_locks: 10000
2022/08/20-22:38:19.325014 1857c               Options.memtable_prefix_bloom_size_ratio: 0.125000
2022/08/20-22:38:19.325029 1857c   Options.memtable_huge_page_size: 0
2022/08/20-22:38:19.325045 1857c                           Options.bloom_locality: 0
2022/08/20-22:38:19.325061 1857c                    Options.max_successive_merges: 0
2022/08/20-22:38:19.325078 1857c                Options.optimize_filters_for_hits: 0
2022/08/20-22:38:19.325094 1857c                Options.paranoid_file_checks: 0
2022/08/20-22:38:19.325110 1857c                Options.force_consistency_checks: 1
2022/08/20-22:38:19.325126 1857c                Options.report_bg_io_stats: 0
2022/08/20-22:38:19.325142 1857c                               Options.ttl: 0
2022/08/20-22:38:19.327041 1857c [db\column_family.cc:474] --------------- Options for column family [Configuration]:
2022/08/20-22:38:19.327074 1857c               Options.comparator: leveldb.BytewiseComparator
2022/08/20-22:38:19.327088 1857c           Options.merge_operator: StringAppendOperator
2022/08/20-22:38:19.327100 1857c        Options.compaction_filter: None
2022/08/20-22:38:19.327113 1857c        Options.compaction_filter_factory: None
2022/08/20-22:38:19.327125 1857c         Options.memtable_factory: SkipListFactory
2022/08/20-22:38:19.327138 1857c            Options.table_factory: BlockBasedTable
2022/08/20-22:38:19.327185 1857c            table_factory options:   flush_block_policy_factory: FlushBlockBySizePolicyFactory (000000002ED8CB00)
  cache_index_and_filter_blocks: 0
  cache_index_and_filter_blocks_with_high_priority: 1
  pin_l0_filter_and_index_blocks_in_cache: 1
  pin_top_level_index_and_filter: 1
  index_type: 2
  hash_index_allow_collision: 1
  checksum: 1
  no_block_cache: 0
  block_cache: 000000002C483320
  block_cache_name: LRUCache
  block_cache_options:
    capacity : 536870912
    num_shard_bits : 8
    strict_capacity_limit : 0
    memory_allocator : None
    high_pri_pool_ratio: 0.000
  block_cache_compressed: 0000000000000000
  persistent_cache: 0000000000000000
  block_size: 4096
  block_size_deviation: 10
  block_restart_interval: 16
  index_block_restart_interval: 1
  metadata_block_size: 8192
  partition_filters: 1
  use_delta_encoding: 1
  filter_policy: nullptr
  whole_key_filtering: 1
  verify_compression: 0
  read_amp_bytes_per_bit: 0
  format_version: 0
  enable_index_compression: 1
  block_align: 0
2022/08/20-22:38:19.327203 1857c        Options.write_buffer_size: 67108864
2022/08/20-22:38:19.327216 1857c  Options.max_write_buffer_number: 3
2022/08/20-22:38:19.327228 1857c          Options.compression: Snappy
2022/08/20-22:38:19.327241 1857c                  Options.bottommost_compression: Disabled
2022/08/20-22:38:19.327258 1857c       Options.prefix_extractor: rocksdb.FixedPrefix.8
2022/08/20-22:38:19.327271 1857c   Options.memtable_insert_with_hint_prefix_extractor: nullptr
2022/08/20-22:38:19.327283 1857c             Options.num_levels: 7
2022/08/20-22:38:19.327296 1857c        Options.min_write_buffer_number_to_merge: 1
2022/08/20-22:38:19.327486 1857c     Options.max_write_buffer_number_to_maintain: 0
2022/08/20-22:38:19.327504 1857c            Options.bottommost_compression_opts.window_bits: -14
2022/08/20-22:38:19.327519 1857c                  Options.bottommost_compression_opts.level: 32767
2022/08/20-22:38:19.327534 1857c               Options.bottommost_compression_opts.strategy: 0
2022/08/20-22:38:19.327572 1857c         Options.bottommost_compression_opts.max_dict_bytes: 0
2022/08/20-22:38:19.327588 1857c         Options.bottommost_compression_opts.zstd_max_train_bytes: 0
2022/08/20-22:38:19.327603 1857c                  Options.bottommost_compression_opts.enabled: false
2022/08/20-22:38:19.327617 1857c            Options.compression_opts.window_bits: -14
2022/08/20-22:38:19.327633 1857c                  Options.compression_opts.level: 32767
2022/08/20-22:38:19.327648 1857c               Options.compression_opts.strategy: 0
2022/08/20-22:38:19.327664 1857c         Options.compression_opts.max_dict_bytes: 0
2022/08/20-22:38:19.327678 1857c         Options.compression_opts.zstd_max_train_bytes: 0
2022/08/20-22:38:19.327692 1857c                  Options.compression_opts.enabled: false
2022/08/20-22:38:19.327706 1857c      Options.level0_file_num_compaction_trigger: 10
2022/08/20-22:38:19.327750 1857c          Options.level0_slowdown_writes_trigger: 20
2022/08/20-22:38:19.327775 1857c              Options.level0_stop_writes_trigger: 40
2022/08/20-22:38:19.327792 1857c                   Options.target_file_size_base: 67108864
2022/08/20-22:38:19.327809 1857c             Options.target_file_size_multiplier: 1
2022/08/20-22:38:19.327824 1857c                Options.max_bytes_for_level_base: 536870912
2022/08/20-22:38:19.327840 1857c Options.level_compaction_dynamic_level_bytes: 0
2022/08/20-22:38:19.327856 1857c          Options.max_bytes_for_level_multiplier: 10.000000
2022/08/20-22:38:19.327878 1857c Options.max_bytes_for_level_multiplier_addtl[0]: 1
2022/08/20-22:38:19.327895 1857c Options.max_bytes_for_level_multiplier_addtl[1]: 1
2022/08/20-22:38:19.327910 1857c Options.max_bytes_for_level_multiplier_addtl[2]: 1
2022/08/20-22:38:19.327926 1857c Options.max_bytes_for_level_multiplier_addtl[3]: 1
2022/08/20-22:38:19.327942 1857c Options.max_bytes_for_level_multiplier_addtl[4]: 1
2022/08/20-22:38:19.327958 1857c Options.max_bytes_for_level_multiplier_addtl[5]: 1
2022/08/20-22:38:19.327974 1857c Options.max_bytes_for_level_multiplier_addtl[6]: 1
2022/08/20-22:38:19.327990 1857c       Options.max_sequential_skip_in_iterations: 8
2022/08/20-22:38:19.328006 1857c                    Options.max_compaction_bytes: 1677721600
2022/08/20-22:38:19.328025 1857c                        Options.arena_block_size: 8388608
2022/08/20-22:38:19.328038 1857c   Options.soft_pending_compaction_bytes_limit: 68719476736
2022/08/20-22:38:19.328054 1857c   Options.hard_pending_compaction_bytes_limit: 274877906944
2022/08/20-22:38:19.328070 1857c       Options.rate_limit_delay_max_milliseconds: 100
2022/08/20-22:38:19.328087 1857c                Options.disable_auto_compactions: 0
2022/08/20-22:38:19.328103 1857c                        Options.compaction_style: kCompactionStyleLevel
2022/08/20-22:38:19.328116 1857c                          Options.compaction_pri: kByCompensatedSize
2022/08/20-22:38:19.328129 1857c Options.compaction_options_universal.size_ratio: 1
2022/08/20-22:38:19.328141 1857c Options.compaction_options_universal.min_merge_width: 2
2022/08/20-22:38:19.328157 1857c Options.compaction_options_universal.max_merge_width: 4294967295
2022/08/20-22:38:19.328174 1857c Options.compaction_options_universal.max_size_amplification_percent: 200
2022/08/20-22:38:19.328187 1857c Options.compaction_options_universal.compression_size_percent: -1
2022/08/20-22:38:19.328203 1857c Options.compaction_options_universal.stop_style: kCompactionStopStyleTotalSize
2022/08/20-22:38:19.328216 1857c Options.compaction_options_fifo.max_table_files_size: 1073741824
2022/08/20-22:38:19.328229 1857c Options.compaction_options_fifo.allow_compaction: 0
2022/08/20-22:38:19.328241 1857c Options.compaction_options_fifo.ttl: 0
2022/08/20-22:38:19.328253 1857c                   Options.table_properties_collectors: 
2022/08/20-22:38:19.328267 1857c                   Options.inplace_update_support: 0
2022/08/20-22:38:19.328279 1857c                 Options.inplace_update_num_locks: 10000
2022/08/20-22:38:19.328291 1857c               Options.memtable_prefix_bloom_size_ratio: 0.125000
2022/08/20-22:38:19.328306 1857c   Options.memtable_huge_page_size: 0
2022/08/20-22:38:19.328318 1857c                           Options.bloom_locality: 0
2022/08/20-22:38:19.328331 1857c                    Options.max_successive_merges: 0
2022/08/20-22:38:19.328343 1857c                Options.optimize_filters_for_hits: 0
2022/08/20-22:38:19.328355 1857c                Options.paranoid_file_checks: 0
2022/08/20-22:38:19.328368 1857c                Options.force_consistency_checks: 1
2022/08/20-22:38:19.328380 1857c                Options.report_bg_io_stats: 0
2022/08/20-22:38:19.328392 1857c                               Options.ttl: 0
2022/08/20-22:38:19.332370 1857c [db\version_set.cc:3724] Recovered from manifest file:D:\gitworkspace\gulimail\nacos\data\protocol\raft\naming_service_metadata\log/MANIFEST-000004 succeeded,manifest_file_number is 4, next_file_number is 6, last_sequence is 0, log_number is 0,prev_log_number is 0,max_column_family is 1,min_log_number_to_keep is 0
2022/08/20-22:38:19.332410 1857c [db\version_set.cc:3732] Column family [default] (ID 0), log number is 0
2022/08/20-22:38:19.332424 1857c [db\version_set.cc:3732] Column family [Configuration] (ID 1), log number is 3
2022/08/20-22:38:19.332897 1857c EVENT_LOG_v1 {"time_micros": 1661006299332887, "job": 1, "event": "recovery_started", "log_files": [3]}
2022/08/20-22:38:19.332919 1857c [db\db_impl_open.cc:578] Recovering log #3 mode 2
2022/08/20-22:38:19.334639 1857c EVENT_LOG_v1 {"time_micros": 1661006299334618, "cf_name": "default", "job": 1, "event": "table_file_creation", "file_number": 6, "file_size": 795, "table_properties": {"data_size": 66, "index_size": 49, "filter_size": 0, "raw_key_size": 16, "raw_average_key_size": 16, "raw_value_size": 34, "raw_average_value_size": 34, "num_data_blocks": 1, "num_entries": 1, "filter_policy_name": ""}}
2022/08/20-22:38:19.337214 1857c [db\version_set.cc:3037] Creating manifest 7
2022/08/20-22:38:19.342217 1857c EVENT_LOG_v1 {"time_micros": 1661006299342190, "cf_name": "Configuration", "job": 1, "event": "table_file_creation", "file_number": 8, "file_size": 801, "table_properties": {"data_size": 66, "index_size": 49, "filter_size": 0, "raw_key_size": 16, "raw_average_key_size": 16, "raw_value_size": 34, "raw_average_value_size": 34, "num_data_blocks": 1, "num_entries": 1, "filter_policy_name": ""}}
2022/08/20-22:38:19.345885 1857c EVENT_LOG_v1 {"time_micros": 1661006299345875, "job": 1, "event": "recovery_finished"}
2022/08/20-22:38:19.351240 1857c [db\db_impl_open.cc:1314] DB pointer 000000002C4BA170
2022/08/20-22:38:19.351674 19960 [WARN] [db\db_impl.cc:669] ------- DUMPING STATS -------
2022/08/20-22:38:19.351705 19960 [WARN] [db\db_impl.cc:670] 
** DB Stats **
Uptime(secs): 0.0 total, 0.0 interval
Cumulative writes: 0 writes, 0 keys, 0 commit groups, 0.0 writes per commit group, ingest: 0.00 GB, 0.00 MB/s
Cumulative WAL: 0 writes, 0 syncs, 0.00 writes per sync, written: 0.00 GB, 0.00 MB/s
Cumulative stall: 00:00:0.000 H:M:S, 0.0 percent
Interval writes: 0 writes, 0 keys, 0 commit groups, 0.0 writes per commit group, ingest: 0.00 MB, 0.00 MB/s
Interval WAL: 0 writes, 0 syncs, 0.00 writes per sync, written: 0.00 MB, 0.00 MB/s
Interval stall: 00:00:0.000 H:M:S, 0.0 percent

** Compaction Stats [default] **
Level    Files   Size     Score Read(GB)  Rn(GB) Rnp1(GB) Write(GB) Wnew(GB) Moved(GB) W-Amp Rd(MB/s) Wr(MB/s) Comp(sec) Comp(cnt) Avg(sec) KeyIn KeyDrop
----------------------------------------------------------------------------------------------------------------------------------------------------------
  L0      1/0    0.78 KB   0.1      0.0     0.0      0.0       0.0      0.0       0.0   1.0      0.0      0.5         0         1    0.002       0      0
 Sum      1/0    0.78 KB   0.0      0.0     0.0      0.0       0.0      0.0       0.0   1.0      0.0      0.5         0         1    0.002       0      0
 Int      0/0    0.00 KB   0.0      0.0     0.0      0.0       0.0      0.0       0.0   1.0      0.0      0.5         0         1    0.002       0      0
Uptime(secs): 0.0 total, 0.0 interval
Flush(GB): cumulative 0.000, interval 0.000
AddFile(GB): cumulative 0.000, interval 0.000
AddFile(Total Files): cumulative 0, interval 0
AddFile(L0 Files): cumulative 0, interval 0
AddFile(Keys): cumulative 0, interval 0
Cumulative compaction: 0.00 GB write, 0.03 MB/s write, 0.00 GB read, 0.00 MB/s read, 0.0 seconds
Interval compaction: 0.00 GB write, 0.03 MB/s write, 0.00 GB read, 0.00 MB/s read, 0.0 seconds
Stalls(count): 0 level0_slowdown, 0 level0_slowdown_with_compaction, 0 level0_numfiles, 0 level0_numfiles_with_compaction, 0 stop for pending_compaction_bytes, 0 slowdown for pending_compaction_bytes, 0 memtable_compaction, 0 memtable_slowdown, interval 0 total count

** File Read Latency Histogram By Level [default] **
** Level 0 read latency histogram (micros):
Count: 5 Average: 7.6000  StdDev: 4.63
Min: 3  Median: 5.5000  Max: 16
Percentiles: P50: 5.50 P75: 9.00 P99: 16.00 P99.9: 16.00 P99.99: 16.00
------------------------------------------------------
(       2,       3 ]        1  20.000%  20.000% ####
(       4,       6 ]        2  40.000%  60.000% ########
(       6,      10 ]        1  20.000%  80.000% ####
(      15,      22 ]        1  20.000% 100.000% ####


** Compaction Stats [Configuration] **
Level    Files   Size     Score Read(GB)  Rn(GB) Rnp1(GB) Write(GB) Wnew(GB) Moved(GB) W-Amp Rd(MB/s) Wr(MB/s) Comp(sec) Comp(cnt) Avg(sec) KeyIn KeyDrop
----------------------------------------------------------------------------------------------------------------------------------------------------------
  L0      1/0    0.78 KB   0.1      0.0     0.0      0.0       0.0      0.0       0.0   1.0      0.0      0.4         0         1    0.002       0      0
 Sum      1/0    0.78 KB   0.0      0.0     0.0      0.0       0.0      0.0       0.0   1.0      0.0      0.4         0         1    0.002       0      0
 Int      0/0    0.00 KB   0.0      0.0     0.0      0.0       0.0      0.0       0.0   1.0      0.0      0.4         0         1    0.002       0      0
Uptime(secs): 0.0 total, 0.0 interval
Flush(GB): cumulative 0.000, interval 0.000
AddFile(GB): cumulative 0.000, interval 0.000
AddFile(Total Files): cumulative 0, interval 0
AddFile(L0 Files): cumulative 0, interval 0
AddFile(Keys): cumulative 0, interval 0
Cumulative compaction: 0.00 GB write, 0.03 MB/s write, 0.00 GB read, 0.00 MB/s read, 0.0 seconds
Interval compaction: 0.00 GB write, 0.03 MB/s write, 0.00 GB read, 0.00 MB/s read, 0.0 seconds
Stalls(count): 0 level0_slowdown, 0 level0_slowdown_with_compaction, 0 level0_numfiles, 0 level0_numfiles_with_compaction, 0 stop for pending_compaction_bytes, 0 slowdown for pending_compaction_bytes, 0 memtable_compaction, 0 memtable_slowdown, interval 0 total count

** File Read Latency Histogram By Level [Configuration] **
** Level 0 read latency histogram (micros):
Count: 6 Average: 7.0000  StdDev: 4.16
Min: 4  Median: 5.0000  Max: 16
Percentiles: P50: 5.00 P75: 8.00 P99: 16.00 P99.9: 16.00 P99.99: 16.00
------------------------------------------------------
(       3,       4 ]        2  33.333%  33.333% #######
(       4,       6 ]        2  33.333%  66.667% #######
(       6,      10 ]        1  16.667%  83.333% ###
(      15,      22 ]        1  16.667% 100.000% ###


** Compaction Stats [default] **
Level    Files   Size     Score Read(GB)  Rn(GB) Rnp1(GB) Write(GB) Wnew(GB) Moved(GB) W-Amp Rd(MB/s) Wr(MB/s) Comp(sec) Comp(cnt) Avg(sec) KeyIn KeyDrop
----------------------------------------------------------------------------------------------------------------------------------------------------------
  L0      1/0    0.78 KB   0.1      0.0     0.0      0.0       0.0      0.0       0.0   1.0      0.0      0.5         0         1    0.002       0      0
 Sum      1/0    0.78 KB   0.0      0.0     0.0      0.0       0.0      0.0       0.0   1.0      0.0      0.5         0         1    0.002       0      0
 Int      0/0    0.00 KB   0.0      0.0     0.0      0.0       0.0      0.0       0.0   0.0      0.0      0.0         0         0    0.000       0      0
Uptime(secs): 0.0 total, 0.0 interval
Flush(GB): cumulative 0.000, interval 0.000
AddFile(GB): cumulative 0.000, interval 0.000
AddFile(Total Files): cumulative 0, interval 0
AddFile(L0 Files): cumulative 0, interval 0
AddFile(Keys): cumulative 0, interval 0
Cumulative compaction: 0.00 GB write, 0.03 MB/s write, 0.00 GB read, 0.00 MB/s read, 0.0 seconds
Interval compaction: 0.00 GB write, 0.00 MB/s write, 0.00 GB read, 0.00 MB/s read, 0.0 seconds
Stalls(count): 0 level0_slowdown, 0 level0_slowdown_with_compaction, 0 level0_numfiles, 0 level0_numfiles_with_compaction, 0 stop for pending_compaction_bytes, 0 slowdown for pending_compaction_bytes, 0 memtable_compaction, 0 memtable_slowdown, interval 0 total count

** File Read Latency Histogram By Level [default] **
** Level 0 read latency histogram (micros):
Count: 5 Average: 7.6000  StdDev: 4.63
Min: 3  Median: 5.5000  Max: 16
Percentiles: P50: 5.50 P75: 9.00 P99: 16.00 P99.9: 16.00 P99.99: 16.00
------------------------------------------------------
(       2,       3 ]        1  20.000%  20.000% ####
(       4,       6 ]        2  40.000%  60.000% ########
(       6,      10 ]        1  20.000%  80.000% ####
(      15,      22 ]        1  20.000% 100.000% ####


** Compaction Stats [Configuration] **
Level    Files   Size     Score Read(GB)  Rn(GB) Rnp1(GB) Write(GB) Wnew(GB) Moved(GB) W-Amp Rd(MB/s) Wr(MB/s) Comp(sec) Comp(cnt) Avg(sec) KeyIn KeyDrop
----------------------------------------------------------------------------------------------------------------------------------------------------------
  L0      1/0    0.78 KB   0.1      0.0     0.0      0.0       0.0      0.0       0.0   1.0      0.0      0.4         0         1    0.002       0      0
 Sum      1/0    0.78 KB   0.0      0.0     0.0      0.0       0.0      0.0       0.0   1.0      0.0      0.4         0         1    0.002       0      0
 Int      0/0    0.00 KB   0.0      0.0     0.0      0.0       0.0      0.0       0.0   0.0      0.0      0.0         0         0    0.000       0      0
Uptime(secs): 0.0 total, 0.0 interval
Flush(GB): cumulative 0.000, interval 0.000
AddFile(GB): cumulative 0.000, interval 0.000
AddFile(Total Files): cumulative 0, interval 0
AddFile(L0 Files): cumulative 0, interval 0
AddFile(Keys): cumulative 0, interval 0
Cumulative compaction: 0.00 GB write, 0.03 MB/s write, 0.00 GB read, 0.00 MB/s read, 0.0 seconds
Interval compaction: 0.00 GB write, 0.00 MB/s write, 0.00 GB read, 0.00 MB/s read, 0.0 seconds
Stalls(count): 0 level0_slowdown, 0 level0_slowdown_with_compaction, 0 level0_numfiles, 0 level0_numfiles_with_compaction, 0 stop for pending_compaction_bytes, 0 slowdown for pending_compaction_bytes, 0 memtable_compaction, 0 memtable_slowdown, interval 0 total count

** File Read Latency Histogram By Level [Configuration] **
** Level 0 read latency histogram (micros):
Count: 6 Average: 7.0000  StdDev: 4.16
Min: 4  Median: 5.0000  Max: 16
Percentiles: P50: 5.00 P75: 8.00 P99: 16.00 P99.9: 16.00 P99.99: 16.00
------------------------------------------------------
(       3,       4 ]        2  33.333%  33.333% #######
(       4,       6 ]        2  33.333%  66.667% #######
(       6,      10 ]        1  16.667%  83.333% ###
(      15,      22 ]        1  16.667% 100.000% ###

2022/08/20-22:38:19.352097 19960 [WARN] [db\db_impl.cc:617] STATISTICS:
 rocksdb.block.cache.miss COUNT : 4
rocksdb.block.cache.hit COUNT : 2
rocksdb.block.cache.add COUNT : 4
rocksdb.block.cache.add.failures COUNT : 0
rocksdb.block.cache.index.miss COUNT : 2
rocksdb.block.cache.index.hit COUNT : 2
rocksdb.block.cache.index.add COUNT : 2
rocksdb.block.cache.index.bytes.insert COUNT : 204
rocksdb.block.cache.index.bytes.evict COUNT : 0
rocksdb.block.cache.filter.miss COUNT : 0
rocksdb.block.cache.filter.hit COUNT : 0
rocksdb.block.cache.filter.add COUNT : 0
rocksdb.block.cache.filter.bytes.insert COUNT : 0
rocksdb.block.cache.filter.bytes.evict COUNT : 0
rocksdb.block.cache.data.miss COUNT : 2
rocksdb.block.cache.data.hit COUNT : 0
rocksdb.block.cache.data.add COUNT : 2
rocksdb.block.cache.data.bytes.insert COUNT : 282
rocksdb.block.cache.bytes.read COUNT : 204
rocksdb.block.cache.bytes.write COUNT : 486
rocksdb.bloom.filter.useful COUNT : 0
rocksdb.bloom.filter.full.positive COUNT : 0
rocksdb.bloom.filter.full.true.positive COUNT : 0
rocksdb.persistent.cache.hit COUNT : 0
rocksdb.persistent.cache.miss COUNT : 0
rocksdb.sim.block.cache.hit COUNT : 0
rocksdb.sim.block.cache.miss COUNT : 0
rocksdb.memtable.hit COUNT : 0
rocksdb.memtable.miss COUNT : 0
rocksdb.l0.hit COUNT : 0
rocksdb.l1.hit COUNT : 0
rocksdb.l2andup.hit COUNT : 0
rocksdb.compaction.key.drop.new COUNT : 0
rocksdb.compaction.key.drop.obsolete COUNT : 0
rocksdb.compaction.key.drop.range_del COUNT : 0
rocksdb.compaction.key.drop.user COUNT : 0
rocksdb.compaction.range_del.drop.obsolete COUNT : 0
rocksdb.compaction.optimized.del.drop.obsolete COUNT : 0
rocksdb.compaction.cancelled COUNT : 0
rocksdb.number.keys.written COUNT : 1
rocksdb.number.keys.read COUNT : 0
rocksdb.number.keys.updated COUNT : 0
rocksdb.bytes.written COUNT : 42
rocksdb.bytes.read COUNT : 0
rocksdb.number.db.seek COUNT : 2
rocksdb.number.db.next COUNT : 1
rocksdb.number.db.prev COUNT : 0
rocksdb.number.db.seek.found COUNT : 2
rocksdb.number.db.next.found COUNT : 0
rocksdb.number.db.prev.found COUNT : 0
rocksdb.db.iter.bytes.read COUNT : 84
rocksdb.no.file.closes COUNT : 0
rocksdb.no.file.opens COUNT : 2
rocksdb.no.file.errors COUNT : 0
rocksdb.l0.slowdown.micros COUNT : 0
rocksdb.memtable.compaction.micros COUNT : 0
rocksdb.l0.num.files.stall.micros COUNT : 0
rocksdb.stall.micros COUNT : 0
rocksdb.db.mutex.wait.micros COUNT : 0
rocksdb.rate.limit.delay.millis COUNT : 0
rocksdb.num.iterators COUNT : 0
rocksdb.number.multiget.get COUNT : 0
rocksdb.number.multiget.keys.read COUNT : 0
rocksdb.number.multiget.bytes.read COUNT : 0
rocksdb.number.deletes.filtered COUNT : 0
rocksdb.number.merge.failures COUNT : 0
rocksdb.bloom.filter.prefix.checked COUNT : 0
rocksdb.bloom.filter.prefix.useful COUNT : 0
rocksdb.number.reseeks.iteration COUNT : 0
rocksdb.getupdatessince.calls COUNT : 0
rocksdb.block.cachecompressed.miss COUNT : 0
rocksdb.block.cachecompressed.hit COUNT : 0
rocksdb.block.cachecompressed.add COUNT : 0
rocksdb.block.cachecompressed.add.failures COUNT : 0
rocksdb.wal.synced COUNT : 0
rocksdb.wal.bytes COUNT : 0
rocksdb.write.self COUNT : 1
rocksdb.write.other COUNT : 0
rocksdb.write.timeout COUNT : 0
rocksdb.write.wal COUNT : 1
rocksdb.compact.read.bytes COUNT : 0
rocksdb.compact.write.bytes COUNT : 1596
rocksdb.flush.write.bytes COUNT : 0
rocksdb.number.direct.load.table.properties COUNT : 0
rocksdb.number.superversion_acquires COUNT : 2
rocksdb.number.superversion_releases COUNT : 0
rocksdb.number.superversion_cleanups COUNT : 0
rocksdb.number.block.compressed COUNT : 0
rocksdb.number.block.decompressed COUNT : 0
rocksdb.number.block.not_compressed COUNT : 0
rocksdb.merge.operation.time.nanos COUNT : 0
rocksdb.filter.operation.time.nanos COUNT : 0
rocksdb.row.cache.hit COUNT : 0
rocksdb.row.cache.miss COUNT : 0
rocksdb.read.amp.estimate.useful.bytes COUNT : 0
rocksdb.read.amp.total.read.bytes COUNT : 0
rocksdb.number.rate_limiter.drains COUNT : 0
rocksdb.number.iter.skip COUNT : 0
rocksdb.blobdb.num.put COUNT : 0
rocksdb.blobdb.num.write COUNT : 0
rocksdb.blobdb.num.get COUNT : 0
rocksdb.blobdb.num.multiget COUNT : 0
rocksdb.blobdb.num.seek COUNT : 0
rocksdb.blobdb.num.next COUNT : 0
rocksdb.blobdb.num.prev COUNT : 0
rocksdb.blobdb.num.keys.written COUNT : 0
rocksdb.blobdb.num.keys.read COUNT : 0
rocksdb.blobdb.bytes.written COUNT : 0
rocksdb.blobdb.bytes.read COUNT : 0
rocksdb.blobdb.write.inlined COUNT : 0
rocksdb.blobdb.write.inlined.ttl COUNT : 0
rocksdb.blobdb.write.blob COUNT : 0
rocksdb.blobdb.write.blob.ttl COUNT : 0
rocksdb.blobdb.blob.file.bytes.written COUNT : 0
rocksdb.blobdb.blob.file.bytes.read COUNT : 0
rocksdb.blobdb.blob.file.synced COUNT : 0
rocksdb.blobdb.blob.index.expired.count COUNT : 0
rocksdb.blobdb.blob.index.expired.size COUNT : 0
rocksdb.blobdb.blob.index.evicted.count COUNT : 0
rocksdb.blobdb.blob.index.evicted.size COUNT : 0
rocksdb.blobdb.gc.num.files COUNT : 0
rocksdb.blobdb.gc.num.new.files COUNT : 0
rocksdb.blobdb.gc.failures COUNT : 0
rocksdb.blobdb.gc.num.keys.overwritten COUNT : 0
rocksdb.blobdb.gc.num.keys.expired COUNT : 0
rocksdb.blobdb.gc.num.keys.relocated COUNT : 0
rocksdb.blobdb.gc.bytes.overwritten COUNT : 0
rocksdb.blobdb.gc.bytes.expired COUNT : 0
rocksdb.blobdb.gc.bytes.relocated COUNT : 0
rocksdb.blobdb.fifo.num.files.evicted COUNT : 0
rocksdb.blobdb.fifo.num.keys.evicted COUNT : 0
rocksdb.blobdb.fifo.bytes.evicted COUNT : 0
rocksdb.txn.overhead.mutex.prepare COUNT : 0
rocksdb.txn.overhead.mutex.old.commit.map COUNT : 0
rocksdb.txn.overhead.duplicate.key COUNT : 0
rocksdb.txn.overhead.mutex.snapshot COUNT : 0
rocksdb.number.multiget.keys.found COUNT : 0
rocksdb.num.iterator.created COUNT : 2
rocksdb.num.iterator.deleted COUNT : 1
rocksdb.db.get.micros P50 : 0.000000 P95 : 0.000000 P99 : 0.000000 P100 : 0.000000 COUNT : 0 SUM : 0
rocksdb.db.write.micros P50 : 0.000000 P95 : 0.000000 P99 : 0.000000 P100 : 0.000000 COUNT : 0 SUM : 0
rocksdb.compaction.times.micros P50 : 0.000000 P95 : 0.000000 P99 : 0.000000 P100 : 0.000000 COUNT : 0 SUM : 0
rocksdb.subcompaction.setup.times.micros P50 : 0.000000 P95 : 0.000000 P99 : 0.000000 P100 : 0.000000 COUNT : 0 SUM : 0
rocksdb.table.sync.micros P50 : 690.000000 P95 : 690.000000 P99 : 690.000000 P100 : 690.000000 COUNT : 2 SUM : 1297
rocksdb.compaction.outfile.sync.micros P50 : 0.000000 P95 : 0.000000 P99 : 0.000000 P100 : 0.000000 COUNT : 0 SUM : 0
rocksdb.wal.file.sync.micros P50 : 0.000000 P95 : 0.000000 P99 : 0.000000 P100 : 0.000000 COUNT : 0 SUM : 0
rocksdb.manifest.file.sync.micros P50 : 485.000000 P95 : 525.000000 P99 : 525.000000 P100 : 525.000000 COUNT : 2 SUM : 1010
rocksdb.table.open.io.micros P50 : 140.000000 P95 : 146.000000 P99 : 146.000000 P100 : 146.000000 COUNT : 2 SUM : 275
rocksdb.db.multiget.micros P50 : 0.000000 P95 : 0.000000 P99 : 0.000000 P100 : 0.000000 COUNT : 0 SUM : 0
rocksdb.read.block.compaction.micros P50 : 0.000000 P95 : 0.000000 P99 : 0.000000 P100 : 0.000000 COUNT : 0 SUM : 0
rocksdb.read.block.get.micros P50 : 1.000000 P95 : 11.000000 P99 : 11.000000 P100 : 11.000000 COUNT : 4 SUM : 18
rocksdb.write.raw.block.micros P50 : 0.625000 P95 : 2.500000 P99 : 2.900000 P100 : 3.000000 COUNT : 10 SUM : 8
rocksdb.l0.slowdown.count P50 : 0.000000 P95 : 0.000000 P99 : 0.000000 P100 : 0.000000 COUNT : 0 SUM : 0
