2022/08/20-22:38:19.277842 1857c RocksDB version: 5.18.4
2022/08/20-22:38:19.277936 1857c Git sha rocksdb_build_git_sha:@b9a4a10659969c71e6f6eab4e4bae8c36ede919f@
2022/08/20-22:38:19.277976 1857c Compile date Mar 11 2020
2022/08/20-22:38:19.278009 1857c DB SUMMARY
2022/08/20-22:38:19.278267 1857c CURRENT file:  CURRENT
2022/08/20-22:38:19.278326 1857c IDENTITY file:  IDENTITY
2022/08/20-22:38:19.278372 1857c MANIFEST file:  MANIFEST-000004 size: 107 Bytes
2022/08/20-22:38:19.278407 1857c SST files in D:\gitworkspace\gulimail\nacos\data\protocol\raft\naming_instance_metadata\log dir, Total Num: 0, files: 
2022/08/20-22:38:19.278441 1857c Write Ahead Log file in D:\gitworkspace\gulimail\nacos\data\protocol\raft\naming_instance_metadata\log: 000003.log size: 110 ; 
2022/08/20-22:38:19.278649 1857c                         Options.error_if_exists: 0
2022/08/20-22:38:19.278670 1857c                       Options.create_if_missing: 1
2022/08/20-22:38:19.278684 1857c                         Options.paranoid_checks: 1
2022/08/20-22:38:19.278696 1857c                                     Options.env: 00000000009C1B40
2022/08/20-22:38:19.278709 1857c                                Options.info_log: 000000002C31C3E0
2022/08/20-22:38:19.278721 1857c                Options.max_file_opening_threads: 16
2022/08/20-22:38:19.278734 1857c                              Options.statistics: 000000002C2FD9A0
2022/08/20-22:38:19.278746 1857c                               Options.use_fsync: 0
2022/08/20-22:38:19.278759 1857c                       Options.max_log_file_size: 0
2022/08/20-22:38:19.278771 1857c                  Options.max_manifest_file_size: 1073741824
2022/08/20-22:38:19.278784 1857c                   Options.log_file_time_to_roll: 0
2022/08/20-22:38:19.278796 1857c                       Options.keep_log_file_num: 1000
2022/08/20-22:38:19.278809 1857c                    Options.recycle_log_file_num: 0
2022/08/20-22:38:19.278821 1857c                         Options.allow_fallocate: 1
2022/08/20-22:38:19.278833 1857c                        Options.allow_mmap_reads: 0
2022/08/20-22:38:19.278846 1857c                       Options.allow_mmap_writes: 0
2022/08/20-22:38:19.278858 1857c                        Options.use_direct_reads: 0
2022/08/20-22:38:19.278871 1857c                        Options.use_direct_io_for_flush_and_compaction: 0
2022/08/20-22:38:19.278883 1857c          Options.create_missing_column_families: 1
2022/08/20-22:38:19.278895 1857c                              Options.db_log_dir: 
2022/08/20-22:38:19.278908 1857c                                 Options.wal_dir: D:\gitworkspace\gulimail\nacos\data\protocol\raft\naming_instance_metadata\log
2022/08/20-22:38:19.278921 1857c                Options.table_cache_numshardbits: 6
2022/08/20-22:38:19.278933 1857c                      Options.max_subcompactions: 1
2022/08/20-22:38:19.278945 1857c                  Options.max_background_flushes: 1
2022/08/20-22:38:19.278958 1857c                         Options.WAL_ttl_seconds: 0
2022/08/20-22:38:19.278970 1857c                       Options.WAL_size_limit_MB: 0
2022/08/20-22:38:19.278983 1857c             Options.manifest_preallocation_size: 4194304
2022/08/20-22:38:19.278995 1857c                     Options.is_fd_close_on_exec: 1
2022/08/20-22:38:19.279008 1857c                   Options.advise_random_on_open: 1
2022/08/20-22:38:19.279020 1857c                    Options.db_write_buffer_size: 0
2022/08/20-22:38:19.279033 1857c                    Options.write_buffer_manager: 000000002C40E540
2022/08/20-22:38:19.279045 1857c         Options.access_hint_on_compaction_start: 1
2022/08/20-22:38:19.279058 1857c  Options.new_table_reader_for_compaction_inputs: 0
2022/08/20-22:38:19.279070 1857c           Options.random_access_max_buffer_size: 1048576
2022/08/20-22:38:19.279083 1857c                      Options.use_adaptive_mutex: 0
2022/08/20-22:38:19.279095 1857c                            Options.rate_limiter: 0000000000000000
2022/08/20-22:38:19.279108 1857c     Options.sst_file_manager.rate_bytes_per_sec: 0
2022/08/20-22:38:19.279121 1857c                       Options.wal_recovery_mode: 2
2022/08/20-22:38:19.279170 1857c                  Options.enable_thread_tracking: 0
2022/08/20-22:38:19.279185 1857c                  Options.enable_pipelined_write: 0
2022/08/20-22:38:19.279198 1857c         Options.allow_concurrent_memtable_write: 1
2022/08/20-22:38:19.279210 1857c      Options.enable_write_thread_adaptive_yield: 1
2022/08/20-22:38:19.279222 1857c             Options.write_thread_max_yield_usec: 100
2022/08/20-22:38:19.279235 1857c            Options.write_thread_slow_yield_usec: 3
2022/08/20-22:38:19.279247 1857c                               Options.row_cache: None
2022/08/20-22:38:19.279260 1857c                              Options.wal_filter: None
2022/08/20-22:38:19.279272 1857c             Options.avoid_flush_during_recovery: 0
2022/08/20-22:38:19.279285 1857c             Options.allow_ingest_behind: 0
2022/08/20-22:38:19.279297 1857c             Options.preserve_deletes: 0
2022/08/20-22:38:19.279315 1857c             Options.two_write_queues: 0
2022/08/20-22:38:19.279328 1857c             Options.manual_wal_flush: 0
2022/08/20-22:38:19.279340 1857c             Options.max_background_jobs: 2
2022/08/20-22:38:19.279354 1857c             Options.max_background_compactions: 4
2022/08/20-22:38:19.279429 1857c             Options.avoid_flush_during_shutdown: 0
2022/08/20-22:38:19.279447 1857c           Options.writable_file_max_buffer_size: 1048576
2022/08/20-22:38:19.279462 1857c             Options.delayed_write_rate : 16777216
2022/08/20-22:38:19.279478 1857c             Options.max_total_wal_size: 0
2022/08/20-22:38:19.279495 1857c             Options.delete_obsolete_files_period_micros: 21600000000
2022/08/20-22:38:19.279510 1857c                   Options.stats_dump_period_sec: 600
2022/08/20-22:38:19.279524 1857c                          Options.max_open_files: -1
2022/08/20-22:38:19.279541 1857c                          Options.bytes_per_sync: 0
2022/08/20-22:38:19.279556 1857c                      Options.wal_bytes_per_sync: 0
2022/08/20-22:38:19.279573 1857c       Options.compaction_readahead_size: 0
2022/08/20-22:38:19.279590 1857c Compression algorithms supported:
2022/08/20-22:38:19.279609 1857c 	kZSTD supported: 1
2022/08/20-22:38:19.279625 1857c 	kSnappyCompression supported: 1
2022/08/20-22:38:19.279663 1857c 	kBZip2Compression supported: 0
2022/08/20-22:38:19.279691 1857c 	kZlibCompression supported: 1
2022/08/20-22:38:19.279710 1857c 	kLZ4Compression supported: 1
2022/08/20-22:38:19.279727 1857c 	kXpressCompression supported: 0
2022/08/20-22:38:19.279744 1857c 	kLZ4HCCompression supported: 1
2022/08/20-22:38:19.279761 1857c 	kZSTDNotFinalCompression supported: 1
2022/08/20-22:38:19.279785 1857c Fast CRC32 supported: Supported on x86
2022/08/20-22:38:19.281068 1857c [db\version_set.cc:3508] Recovering from manifest file: MANIFEST-000004
2022/08/20-22:38:19.281299 1857c [db\column_family.cc:474] --------------- Options for column family [default]:
2022/08/20-22:38:19.281329 1857c               Options.comparator: leveldb.BytewiseComparator
2022/08/20-22:38:19.281348 1857c           Options.merge_operator: StringAppendOperator
2022/08/20-22:38:19.281364 1857c        Options.compaction_filter: None
2022/08/20-22:38:19.281381 1857c        Options.compaction_filter_factory: None
2022/08/20-22:38:19.281397 1857c         Options.memtable_factory: SkipListFactory
2022/08/20-22:38:19.281414 1857c            Options.table_factory: BlockBasedTable
2022/08/20-22:38:19.281466 1857c            table_factory options:   flush_block_policy_factory: FlushBlockBySizePolicyFactory (000000002C4045B0)
  cache_index_and_filter_blocks: 0
  cache_index_and_filter_blocks_with_high_priority: 1
  pin_l0_filter_and_index_blocks_in_cache: 1
  pin_top_level_index_and_filter: 1
  index_type: 2
  hash_index_allow_collision: 1
  checksum: 1
  no_block_cache: 0
  block_cache: 00000000009ECDC0
  block_cache_name: LRUCache
  block_cache_options:
    capacity : 536870912
    num_shard_bits : 8
    strict_capacity_limit : 0
    memory_allocator : None
    high_pri_pool_ratio: 0.000
  block_cache_compressed: 0000000000000000
  persistent_cache: 0000000000000000
  block_size: 4096
  block_size_deviation: 10
  block_restart_interval: 16
  index_block_restart_interval: 1
  metadata_block_size: 8192
  partition_filters: 1
  use_delta_encoding: 1
  filter_policy: nullptr
  whole_key_filtering: 1
  verify_compression: 0
  read_amp_bytes_per_bit: 0
  format_version: 0
  enable_index_compression: 1
  block_align: 0
2022/08/20-22:38:19.281540 1857c        Options.write_buffer_size: 67108864
2022/08/20-22:38:19.281561 1857c  Options.max_write_buffer_number: 3
2022/08/20-22:38:19.281578 1857c          Options.compression: Snappy
2022/08/20-22:38:19.281593 1857c                  Options.bottommost_compression: Disabled
2022/08/20-22:38:19.281610 1857c       Options.prefix_extractor: rocksdb.FixedPrefix.8
2022/08/20-22:38:19.281628 1857c   Options.memtable_insert_with_hint_prefix_extractor: nullptr
2022/08/20-22:38:19.281645 1857c             Options.num_levels: 7
2022/08/20-22:38:19.281661 1857c        Options.min_write_buffer_number_to_merge: 1
2022/08/20-22:38:19.281678 1857c     Options.max_write_buffer_number_to_maintain: 0
2022/08/20-22:38:19.281694 1857c            Options.bottommost_compression_opts.window_bits: -14
2022/08/20-22:38:19.281711 1857c                  Options.bottommost_compression_opts.level: 32767
2022/08/20-22:38:19.281727 1857c               Options.bottommost_compression_opts.strategy: 0
2022/08/20-22:38:19.281744 1857c         Options.bottommost_compression_opts.max_dict_bytes: 0
2022/08/20-22:38:19.281761 1857c         Options.bottommost_compression_opts.zstd_max_train_bytes: 0
2022/08/20-22:38:19.281777 1857c                  Options.bottommost_compression_opts.enabled: false
2022/08/20-22:38:19.281793 1857c            Options.compression_opts.window_bits: -14
2022/08/20-22:38:19.281810 1857c                  Options.compression_opts.level: 32767
2022/08/20-22:38:19.281826 1857c               Options.compression_opts.strategy: 0
2022/08/20-22:38:19.281842 1857c         Options.compression_opts.max_dict_bytes: 0
2022/08/20-22:38:19.281858 1857c         Options.compression_opts.zstd_max_train_bytes: 0
2022/08/20-22:38:19.281875 1857c                  Options.compression_opts.enabled: false
2022/08/20-22:38:19.281891 1857c      Options.level0_file_num_compaction_trigger: 10
2022/08/20-22:38:19.281907 1857c          Options.level0_slowdown_writes_trigger: 20
2022/08/20-22:38:19.281922 1857c              Options.level0_stop_writes_trigger: 40
2022/08/20-22:38:19.281937 1857c                   Options.target_file_size_base: 67108864
2022/08/20-22:38:19.281954 1857c             Options.target_file_size_multiplier: 1
2022/08/20-22:38:19.281970 1857c                Options.max_bytes_for_level_base: 536870912
2022/08/20-22:38:19.281986 1857c Options.level_compaction_dynamic_level_bytes: 0
2022/08/20-22:38:19.282003 1857c          Options.max_bytes_for_level_multiplier: 10.000000
2022/08/20-22:38:19.282023 1857c Options.max_bytes_for_level_multiplier_addtl[0]: 1
2022/08/20-22:38:19.282040 1857c Options.max_bytes_for_level_multiplier_addtl[1]: 1
2022/08/20-22:38:19.282056 1857c Options.max_bytes_for_level_multiplier_addtl[2]: 1
2022/08/20-22:38:19.282073 1857c Options.max_bytes_for_level_multiplier_addtl[3]: 1
2022/08/20-22:38:19.282089 1857c Options.max_bytes_for_level_multiplier_addtl[4]: 1
2022/08/20-22:38:19.282105 1857c Options.max_bytes_for_level_multiplier_addtl[5]: 1
2022/08/20-22:38:19.282121 1857c Options.max_bytes_for_level_multiplier_addtl[6]: 1
2022/08/20-22:38:19.282138 1857c       Options.max_sequential_skip_in_iterations: 8
2022/08/20-22:38:19.282154 1857c                    Options.max_compaction_bytes: 1677721600
2022/08/20-22:38:19.282170 1857c                        Options.arena_block_size: 8388608
2022/08/20-22:38:19.282187 1857c   Options.soft_pending_compaction_bytes_limit: 68719476736
2022/08/20-22:38:19.282203 1857c   Options.hard_pending_compaction_bytes_limit: 274877906944
2022/08/20-22:38:19.282219 1857c       Options.rate_limit_delay_max_milliseconds: 100
2022/08/20-22:38:19.282238 1857c                Options.disable_auto_compactions: 0
2022/08/20-22:38:19.282257 1857c                        Options.compaction_style: kCompactionStyleLevel
2022/08/20-22:38:19.282274 1857c                          Options.compaction_pri: kByCompensatedSize
2022/08/20-22:38:19.282291 1857c Options.compaction_options_universal.size_ratio: 1
2022/08/20-22:38:19.282315 1857c Options.compaction_options_universal.min_merge_width: 2
2022/08/20-22:38:19.282332 1857c Options.compaction_options_universal.max_merge_width: 4294967295
2022/08/20-22:38:19.282348 1857c Options.compaction_options_universal.max_size_amplification_percent: 200
2022/08/20-22:38:19.282364 1857c Options.compaction_options_universal.compression_size_percent: -1
2022/08/20-22:38:19.282382 1857c Options.compaction_options_universal.stop_style: kCompactionStopStyleTotalSize
2022/08/20-22:38:19.282399 1857c Options.compaction_options_fifo.max_table_files_size: 1073741824
2022/08/20-22:38:19.282415 1857c Options.compaction_options_fifo.allow_compaction: 0
2022/08/20-22:38:19.282432 1857c Options.compaction_options_fifo.ttl: 0
2022/08/20-22:38:19.282448 1857c                   Options.table_properties_collectors: 
2022/08/20-22:38:19.282464 1857c                   Options.inplace_update_support: 0
2022/08/20-22:38:19.282481 1857c                 Options.inplace_update_num_locks: 10000
2022/08/20-22:38:19.282498 1857c               Options.memtable_prefix_bloom_size_ratio: 0.125000
2022/08/20-22:38:19.282515 1857c   Options.memtable_huge_page_size: 0
2022/08/20-22:38:19.282531 1857c                           Options.bloom_locality: 0
2022/08/20-22:38:19.282547 1857c                    Options.max_successive_merges: 0
2022/08/20-22:38:19.282563 1857c                Options.optimize_filters_for_hits: 0
2022/08/20-22:38:19.282579 1857c                Options.paranoid_file_checks: 0
2022/08/20-22:38:19.282596 1857c                Options.force_consistency_checks: 1
2022/08/20-22:38:19.282612 1857c                Options.report_bg_io_stats: 0
2022/08/20-22:38:19.282628 1857c                               Options.ttl: 0
2022/08/20-22:38:19.284287 1857c [db\column_family.cc:474] --------------- Options for column family [Configuration]:
2022/08/20-22:38:19.284331 1857c               Options.comparator: leveldb.BytewiseComparator
2022/08/20-22:38:19.284349 1857c           Options.merge_operator: StringAppendOperator
2022/08/20-22:38:19.284365 1857c        Options.compaction_filter: None
2022/08/20-22:38:19.284381 1857c        Options.compaction_filter_factory: None
2022/08/20-22:38:19.284397 1857c         Options.memtable_factory: SkipListFactory
2022/08/20-22:38:19.284413 1857c            Options.table_factory: BlockBasedTable
2022/08/20-22:38:19.284458 1857c            table_factory options:   flush_block_policy_factory: FlushBlockBySizePolicyFactory (000000002C4045B0)
  cache_index_and_filter_blocks: 0
  cache_index_and_filter_blocks_with_high_priority: 1
  pin_l0_filter_and_index_blocks_in_cache: 1
  pin_top_level_index_and_filter: 1
  index_type: 2
  hash_index_allow_collision: 1
  checksum: 1
  no_block_cache: 0
  block_cache: 00000000009ECDC0
  block_cache_name: LRUCache
  block_cache_options:
    capacity : 536870912
    num_shard_bits : 8
    strict_capacity_limit : 0
    memory_allocator : None
    high_pri_pool_ratio: 0.000
  block_cache_compressed: 0000000000000000
  persistent_cache: 0000000000000000
  block_size: 4096
  block_size_deviation: 10
  block_restart_interval: 16
  index_block_restart_interval: 1
  metadata_block_size: 8192
  partition_filters: 1
  use_delta_encoding: 1
  filter_policy: nullptr
  whole_key_filtering: 1
  verify_compression: 0
  read_amp_bytes_per_bit: 0
  format_version: 0
  enable_index_compression: 1
  block_align: 0
2022/08/20-22:38:19.284478 1857c        Options.write_buffer_size: 67108864
2022/08/20-22:38:19.284493 1857c  Options.max_write_buffer_number: 3
2022/08/20-22:38:19.284508 1857c          Options.compression: Snappy
2022/08/20-22:38:19.284524 1857c                  Options.bottommost_compression: Disabled
2022/08/20-22:38:19.284615 1857c       Options.prefix_extractor: rocksdb.FixedPrefix.8
2022/08/20-22:38:19.284636 1857c   Options.memtable_insert_with_hint_prefix_extractor: nullptr
2022/08/20-22:38:19.284654 1857c             Options.num_levels: 7
2022/08/20-22:38:19.284670 1857c        Options.min_write_buffer_number_to_merge: 1
2022/08/20-22:38:19.284687 1857c     Options.max_write_buffer_number_to_maintain: 0
2022/08/20-22:38:19.284703 1857c            Options.bottommost_compression_opts.window_bits: -14
2022/08/20-22:38:19.284720 1857c                  Options.bottommost_compression_opts.level: 32767
2022/08/20-22:38:19.284736 1857c               Options.bottommost_compression_opts.strategy: 0
2022/08/20-22:38:19.284752 1857c         Options.bottommost_compression_opts.max_dict_bytes: 0
2022/08/20-22:38:19.284768 1857c         Options.bottommost_compression_opts.zstd_max_train_bytes: 0
2022/08/20-22:38:19.284784 1857c                  Options.bottommost_compression_opts.enabled: false
2022/08/20-22:38:19.284801 1857c            Options.compression_opts.window_bits: -14
2022/08/20-22:38:19.284817 1857c                  Options.compression_opts.level: 32767
2022/08/20-22:38:19.284833 1857c               Options.compression_opts.strategy: 0
2022/08/20-22:38:19.284849 1857c         Options.compression_opts.max_dict_bytes: 0
2022/08/20-22:38:19.284865 1857c         Options.compression_opts.zstd_max_train_bytes: 0
2022/08/20-22:38:19.284881 1857c                  Options.compression_opts.enabled: false
2022/08/20-22:38:19.284895 1857c      Options.level0_file_num_compaction_trigger: 10
2022/08/20-22:38:19.284910 1857c          Options.level0_slowdown_writes_trigger: 20
2022/08/20-22:38:19.284925 1857c              Options.level0_stop_writes_trigger: 40
2022/08/20-22:38:19.284940 1857c                   Options.target_file_size_base: 67108864
2022/08/20-22:38:19.284955 1857c             Options.target_file_size_multiplier: 1
2022/08/20-22:38:19.285014 1857c                Options.max_bytes_for_level_base: 536870912
2022/08/20-22:38:19.285029 1857c Options.level_compaction_dynamic_level_bytes: 0
2022/08/20-22:38:19.285042 1857c          Options.max_bytes_for_level_multiplier: 10.000000
2022/08/20-22:38:19.285060 1857c Options.max_bytes_for_level_multiplier_addtl[0]: 1
2022/08/20-22:38:19.285075 1857c Options.max_bytes_for_level_multiplier_addtl[1]: 1
2022/08/20-22:38:19.285091 1857c Options.max_bytes_for_level_multiplier_addtl[2]: 1
2022/08/20-22:38:19.285106 1857c Options.max_bytes_for_level_multiplier_addtl[3]: 1
2022/08/20-22:38:19.285122 1857c Options.max_bytes_for_level_multiplier_addtl[4]: 1
2022/08/20-22:38:19.285137 1857c Options.max_bytes_for_level_multiplier_addtl[5]: 1
2022/08/20-22:38:19.285152 1857c Options.max_bytes_for_level_multiplier_addtl[6]: 1
2022/08/20-22:38:19.285167 1857c       Options.max_sequential_skip_in_iterations: 8
2022/08/20-22:38:19.285183 1857c                    Options.max_compaction_bytes: 1677721600
2022/08/20-22:38:19.285198 1857c                        Options.arena_block_size: 8388608
2022/08/20-22:38:19.285213 1857c   Options.soft_pending_compaction_bytes_limit: 68719476736
2022/08/20-22:38:19.285228 1857c   Options.hard_pending_compaction_bytes_limit: 274877906944
2022/08/20-22:38:19.285244 1857c       Options.rate_limit_delay_max_milliseconds: 100
2022/08/20-22:38:19.285259 1857c                Options.disable_auto_compactions: 0
2022/08/20-22:38:19.285276 1857c                        Options.compaction_style: kCompactionStyleLevel
2022/08/20-22:38:19.285292 1857c                          Options.compaction_pri: kByCompensatedSize
2022/08/20-22:38:19.285331 1857c Options.compaction_options_universal.size_ratio: 1
2022/08/20-22:38:19.285361 1857c Options.compaction_options_universal.min_merge_width: 2
2022/08/20-22:38:19.285377 1857c Options.compaction_options_universal.max_merge_width: 4294967295
2022/08/20-22:38:19.285393 1857c Options.compaction_options_universal.max_size_amplification_percent: 200
2022/08/20-22:38:19.285408 1857c Options.compaction_options_universal.compression_size_percent: -1
2022/08/20-22:38:19.285429 1857c Options.compaction_options_universal.stop_style: kCompactionStopStyleTotalSize
2022/08/20-22:38:19.285446 1857c Options.compaction_options_fifo.max_table_files_size: 1073741824
2022/08/20-22:38:19.285462 1857c Options.compaction_options_fifo.allow_compaction: 0
2022/08/20-22:38:19.285477 1857c Options.compaction_options_fifo.ttl: 0
2022/08/20-22:38:19.285492 1857c                   Options.table_properties_collectors: 
2022/08/20-22:38:19.285508 1857c                   Options.inplace_update_support: 0
2022/08/20-22:38:19.285523 1857c                 Options.inplace_update_num_locks: 10000
2022/08/20-22:38:19.285539 1857c               Options.memtable_prefix_bloom_size_ratio: 0.125000
2022/08/20-22:38:19.285556 1857c   Options.memtable_huge_page_size: 0
2022/08/20-22:38:19.285571 1857c                           Options.bloom_locality: 0
2022/08/20-22:38:19.285586 1857c                    Options.max_successive_merges: 0
2022/08/20-22:38:19.285602 1857c                Options.optimize_filters_for_hits: 0
2022/08/20-22:38:19.285617 1857c                Options.paranoid_file_checks: 0
2022/08/20-22:38:19.285632 1857c                Options.force_consistency_checks: 1
2022/08/20-22:38:19.285647 1857c                Options.report_bg_io_stats: 0
2022/08/20-22:38:19.285662 1857c                               Options.ttl: 0
2022/08/20-22:38:19.289204 1857c [db\version_set.cc:3724] Recovered from manifest file:D:\gitworkspace\gulimail\nacos\data\protocol\raft\naming_instance_metadata\log/MANIFEST-000004 succeeded,manifest_file_number is 4, next_file_number is 6, last_sequence is 0, log_number is 0,prev_log_number is 0,max_column_family is 1,min_log_number_to_keep is 0
2022/08/20-22:38:19.289235 1857c [db\version_set.cc:3732] Column family [default] (ID 0), log number is 0
2022/08/20-22:38:19.289249 1857c [db\version_set.cc:3732] Column family [Configuration] (ID 1), log number is 3
2022/08/20-22:38:19.289697 1857c EVENT_LOG_v1 {"time_micros": 1661006299289688, "job": 1, "event": "recovery_started", "log_files": [3]}
2022/08/20-22:38:19.289718 1857c [db\db_impl_open.cc:578] Recovering log #3 mode 2
2022/08/20-22:38:19.291226 1857c EVENT_LOG_v1 {"time_micros": 1661006299291214, "cf_name": "default", "job": 1, "event": "table_file_creation", "file_number": 6, "file_size": 795, "table_properties": {"data_size": 66, "index_size": 49, "filter_size": 0, "raw_key_size": 16, "raw_average_key_size": 16, "raw_value_size": 34, "raw_average_value_size": 34, "num_data_blocks": 1, "num_entries": 1, "filter_policy_name": ""}}
2022/08/20-22:38:19.293277 1857c [db\version_set.cc:3037] Creating manifest 7
2022/08/20-22:38:19.297918 1857c EVENT_LOG_v1 {"time_micros": 1661006299297892, "cf_name": "Configuration", "job": 1, "event": "table_file_creation", "file_number": 8, "file_size": 801, "table_properties": {"data_size": 66, "index_size": 49, "filter_size": 0, "raw_key_size": 16, "raw_average_key_size": 16, "raw_value_size": 34, "raw_average_value_size": 34, "num_data_blocks": 1, "num_entries": 1, "filter_policy_name": ""}}
2022/08/20-22:38:19.300539 1857c EVENT_LOG_v1 {"time_micros": 1661006299300527, "job": 1, "event": "recovery_finished"}
2022/08/20-22:38:19.305792 1857c [db\db_impl_open.cc:1314] DB pointer 000000002ECCD8E0
2022/08/20-22:38:19.306328 176d4 [WARN] [db\db_impl.cc:669] ------- DUMPING STATS -------
2022/08/20-22:38:19.306357 176d4 [WARN] [db\db_impl.cc:670] 
** DB Stats **
Uptime(secs): 0.0 total, 0.0 interval
Cumulative writes: 0 writes, 0 keys, 0 commit groups, 0.0 writes per commit group, ingest: 0.00 GB, 0.00 MB/s
Cumulative WAL: 0 writes, 0 syncs, 0.00 writes per sync, written: 0.00 GB, 0.00 MB/s
Cumulative stall: 00:00:0.000 H:M:S, 0.0 percent
Interval writes: 0 writes, 0 keys, 0 commit groups, 0.0 writes per commit group, ingest: 0.00 MB, 0.00 MB/s
Interval WAL: 0 writes, 0 syncs, 0.00 writes per sync, written: 0.00 MB, 0.00 MB/s
Interval stall: 00:00:0.000 H:M:S, 0.0 percent

** Compaction Stats [default] **
Level    Files   Size     Score Read(GB)  Rn(GB) Rnp1(GB) Write(GB) Wnew(GB) Moved(GB) W-Amp Rd(MB/s) Wr(MB/s) Comp(sec) Comp(cnt) Avg(sec) KeyIn KeyDrop
----------------------------------------------------------------------------------------------------------------------------------------------------------
  L0      1/0    0.78 KB   0.1      0.0     0.0      0.0       0.0      0.0       0.0   1.0      0.0      0.6         0         1    0.001       0      0
 Sum      1/0    0.78 KB   0.0      0.0     0.0      0.0       0.0      0.0       0.0   1.0      0.0      0.6         0         1    0.001       0      0
 Int      0/0    0.00 KB   0.0      0.0     0.0      0.0       0.0      0.0       0.0   1.0      0.0      0.6         0         1    0.001       0      0
Uptime(secs): 0.0 total, 0.0 interval
Flush(GB): cumulative 0.000, interval 0.000
AddFile(GB): cumulative 0.000, interval 0.000
AddFile(Total Files): cumulative 0, interval 0
AddFile(L0 Files): cumulative 0, interval 0
AddFile(Keys): cumulative 0, interval 0
Cumulative compaction: 0.00 GB write, 0.03 MB/s write, 0.00 GB read, 0.00 MB/s read, 0.0 seconds
Interval compaction: 0.00 GB write, 0.03 MB/s write, 0.00 GB read, 0.00 MB/s read, 0.0 seconds
Stalls(count): 0 level0_slowdown, 0 level0_slowdown_with_compaction, 0 level0_numfiles, 0 level0_numfiles_with_compaction, 0 stop for pending_compaction_bytes, 0 slowdown for pending_compaction_bytes, 0 memtable_compaction, 0 memtable_slowdown, interval 0 total count

** File Read Latency Histogram By Level [default] **
** Level 0 read latency histogram (micros):
Count: 5 Average: 3.8000  StdDev: 2.64
Min: 2  Median: 2.2500  Max: 9
Percentiles: P50: 2.25 P75: 2.88 P99: 9.00 P99.9: 9.00 P99.99: 9.00
------------------------------------------------------
(       1,       2 ]        2  40.000%  40.000% ########
(       2,       3 ]        2  40.000%  80.000% ########
(       6,      10 ]        1  20.000% 100.000% ####


** Compaction Stats [Configuration] **
Level    Files   Size     Score Read(GB)  Rn(GB) Rnp1(GB) Write(GB) Wnew(GB) Moved(GB) W-Amp Rd(MB/s) Wr(MB/s) Comp(sec) Comp(cnt) Avg(sec) KeyIn KeyDrop
----------------------------------------------------------------------------------------------------------------------------------------------------------
  L0      1/0    0.78 KB   0.1      0.0     0.0      0.0       0.0      0.0       0.0   1.0      0.0      0.4         0         1    0.002       0      0
 Sum      1/0    0.78 KB   0.0      0.0     0.0      0.0       0.0      0.0       0.0   1.0      0.0      0.4         0         1    0.002       0      0
 Int      0/0    0.00 KB   0.0      0.0     0.0      0.0       0.0      0.0       0.0   1.0      0.0      0.4         0         1    0.002       0      0
Uptime(secs): 0.0 total, 0.0 interval
Flush(GB): cumulative 0.000, interval 0.000
AddFile(GB): cumulative 0.000, interval 0.000
AddFile(Total Files): cumulative 0, interval 0
AddFile(L0 Files): cumulative 0, interval 0
AddFile(Keys): cumulative 0, interval 0
Cumulative compaction: 0.00 GB write, 0.03 MB/s write, 0.00 GB read, 0.00 MB/s read, 0.0 seconds
Interval compaction: 0.00 GB write, 0.03 MB/s write, 0.00 GB read, 0.00 MB/s read, 0.0 seconds
Stalls(count): 0 level0_slowdown, 0 level0_slowdown_with_compaction, 0 level0_numfiles, 0 level0_numfiles_with_compaction, 0 stop for pending_compaction_bytes, 0 slowdown for pending_compaction_bytes, 0 memtable_compaction, 0 memtable_slowdown, interval 0 total count

** File Read Latency Histogram By Level [Configuration] **
** Level 0 read latency histogram (micros):
Count: 6 Average: 5.0000  StdDev: 3.32
Min: 2  Median: 2.6667  Max: 11
Percentiles: P50: 2.67 P75: 8.00 P99: 11.00 P99.9: 11.00 P99.99: 11.00
------------------------------------------------------
(       1,       2 ]        1  16.667%  16.667% ###
(       2,       3 ]        3  50.000%  66.667% ##########
(       6,      10 ]        1  16.667%  83.333% ###
(      10,      15 ]        1  16.667% 100.000% ###


** Compaction Stats [default] **
Level    Files   Size     Score Read(GB)  Rn(GB) Rnp1(GB) Write(GB) Wnew(GB) Moved(GB) W-Amp Rd(MB/s) Wr(MB/s) Comp(sec) Comp(cnt) Avg(sec) KeyIn KeyDrop
----------------------------------------------------------------------------------------------------------------------------------------------------------
  L0      1/0    0.78 KB   0.1      0.0     0.0      0.0       0.0      0.0       0.0   1.0      0.0      0.6         0         1    0.001       0      0
 Sum      1/0    0.78 KB   0.0      0.0     0.0      0.0       0.0      0.0       0.0   1.0      0.0      0.6         0         1    0.001       0      0
 Int      0/0    0.00 KB   0.0      0.0     0.0      0.0       0.0      0.0       0.0   0.0      0.0      0.0         0         0    0.000       0      0
Uptime(secs): 0.0 total, 0.0 interval
Flush(GB): cumulative 0.000, interval 0.000
AddFile(GB): cumulative 0.000, interval 0.000
AddFile(Total Files): cumulative 0, interval 0
AddFile(L0 Files): cumulative 0, interval 0
AddFile(Keys): cumulative 0, interval 0
Cumulative compaction: 0.00 GB write, 0.03 MB/s write, 0.00 GB read, 0.00 MB/s read, 0.0 seconds
Interval compaction: 0.00 GB write, 0.00 MB/s write, 0.00 GB read, 0.00 MB/s read, 0.0 seconds
Stalls(count): 0 level0_slowdown, 0 level0_slowdown_with_compaction, 0 level0_numfiles, 0 level0_numfiles_with_compaction, 0 stop for pending_compaction_bytes, 0 slowdown for pending_compaction_bytes, 0 memtable_compaction, 0 memtable_slowdown, interval 0 total count

** File Read Latency Histogram By Level [default] **
** Level 0 read latency histogram (micros):
Count: 5 Average: 3.8000  StdDev: 2.64
Min: 2  Median: 2.2500  Max: 9
Percentiles: P50: 2.25 P75: 2.88 P99: 9.00 P99.9: 9.00 P99.99: 9.00
------------------------------------------------------
(       1,       2 ]        2  40.000%  40.000% ########
(       2,       3 ]        2  40.000%  80.000% ########
(       6,      10 ]        1  20.000% 100.000% ####


** Compaction Stats [Configuration] **
Level    Files   Size     Score Read(GB)  Rn(GB) Rnp1(GB) Write(GB) Wnew(GB) Moved(GB) W-Amp Rd(MB/s) Wr(MB/s) Comp(sec) Comp(cnt) Avg(sec) KeyIn KeyDrop
----------------------------------------------------------------------------------------------------------------------------------------------------------
  L0      1/0    0.78 KB   0.1      0.0     0.0      0.0       0.0      0.0       0.0   1.0      0.0      0.4         0         1    0.002       0      0
 Sum      1/0    0.78 KB   0.0      0.0     0.0      0.0       0.0      0.0       0.0   1.0      0.0      0.4         0         1    0.002       0      0
 Int      0/0    0.00 KB   0.0      0.0     0.0      0.0       0.0      0.0       0.0   0.0      0.0      0.0         0         0    0.000       0      0
Uptime(secs): 0.0 total, 0.0 interval
Flush(GB): cumulative 0.000, interval 0.000
AddFile(GB): cumulative 0.000, interval 0.000
AddFile(Total Files): cumulative 0, interval 0
AddFile(L0 Files): cumulative 0, interval 0
AddFile(Keys): cumulative 0, interval 0
Cumulative compaction: 0.00 GB write, 0.03 MB/s write, 0.00 GB read, 0.00 MB/s read, 0.0 seconds
Interval compaction: 0.00 GB write, 0.00 MB/s write, 0.00 GB read, 0.00 MB/s read, 0.0 seconds
Stalls(count): 0 level0_slowdown, 0 level0_slowdown_with_compaction, 0 level0_numfiles, 0 level0_numfiles_with_compaction, 0 stop for pending_compaction_bytes, 0 slowdown for pending_compaction_bytes, 0 memtable_compaction, 0 memtable_slowdown, interval 0 total count

** File Read Latency Histogram By Level [Configuration] **
** Level 0 read latency histogram (micros):
Count: 6 Average: 5.0000  StdDev: 3.32
Min: 2  Median: 2.6667  Max: 11
Percentiles: P50: 2.67 P75: 8.00 P99: 11.00 P99.9: 11.00 P99.99: 11.00
------------------------------------------------------
(       1,       2 ]        1  16.667%  16.667% ###
(       2,       3 ]        3  50.000%  66.667% ##########
(       6,      10 ]        1  16.667%  83.333% ###
(      10,      15 ]        1  16.667% 100.000% ###

2022/08/20-22:38:19.306810 176d4 [WARN] [db\db_impl.cc:617] STATISTICS:
 rocksdb.block.cache.miss COUNT : 4
rocksdb.block.cache.hit COUNT : 2
rocksdb.block.cache.add COUNT : 4
rocksdb.block.cache.add.failures COUNT : 0
rocksdb.block.cache.index.miss COUNT : 2
rocksdb.block.cache.index.hit COUNT : 2
rocksdb.block.cache.index.add COUNT : 2
rocksdb.block.cache.index.bytes.insert COUNT : 204
rocksdb.block.cache.index.bytes.evict COUNT : 0
rocksdb.block.cache.filter.miss COUNT : 0
rocksdb.block.cache.filter.hit COUNT : 0
rocksdb.block.cache.filter.add COUNT : 0
rocksdb.block.cache.filter.bytes.insert COUNT : 0
rocksdb.block.cache.filter.bytes.evict COUNT : 0
rocksdb.block.cache.data.miss COUNT : 2
rocksdb.block.cache.data.hit COUNT : 0
rocksdb.block.cache.data.add COUNT : 2
rocksdb.block.cache.data.bytes.insert COUNT : 282
rocksdb.block.cache.bytes.read COUNT : 204
rocksdb.block.cache.bytes.write COUNT : 486
rocksdb.bloom.filter.useful COUNT : 0
rocksdb.bloom.filter.full.positive COUNT : 0
rocksdb.bloom.filter.full.true.positive COUNT : 0
rocksdb.persistent.cache.hit COUNT : 0
rocksdb.persistent.cache.miss COUNT : 0
rocksdb.sim.block.cache.hit COUNT : 0
rocksdb.sim.block.cache.miss COUNT : 0
rocksdb.memtable.hit COUNT : 0
rocksdb.memtable.miss COUNT : 0
rocksdb.l0.hit COUNT : 0
rocksdb.l1.hit COUNT : 0
rocksdb.l2andup.hit COUNT : 0
rocksdb.compaction.key.drop.new COUNT : 0
rocksdb.compaction.key.drop.obsolete COUNT : 0
rocksdb.compaction.key.drop.range_del COUNT : 0
rocksdb.compaction.key.drop.user COUNT : 0
rocksdb.compaction.range_del.drop.obsolete COUNT : 0
rocksdb.compaction.optimized.del.drop.obsolete COUNT : 0
rocksdb.compaction.cancelled COUNT : 0
rocksdb.number.keys.written COUNT : 1
rocksdb.number.keys.read COUNT : 0
rocksdb.number.keys.updated COUNT : 0
rocksdb.bytes.written COUNT : 42
rocksdb.bytes.read COUNT : 0
rocksdb.number.db.seek COUNT : 2
rocksdb.number.db.next COUNT : 1
rocksdb.number.db.prev COUNT : 0
rocksdb.number.db.seek.found COUNT : 2
rocksdb.number.db.next.found COUNT : 0
rocksdb.number.db.prev.found COUNT : 0
rocksdb.db.iter.bytes.read COUNT : 84
rocksdb.no.file.closes COUNT : 0
rocksdb.no.file.opens COUNT : 2
rocksdb.no.file.errors COUNT : 0
rocksdb.l0.slowdown.micros COUNT : 0
rocksdb.memtable.compaction.micros COUNT : 0
rocksdb.l0.num.files.stall.micros COUNT : 0
rocksdb.stall.micros COUNT : 0
rocksdb.db.mutex.wait.micros COUNT : 0
rocksdb.rate.limit.delay.millis COUNT : 0
rocksdb.num.iterators COUNT : 0
rocksdb.number.multiget.get COUNT : 0
rocksdb.number.multiget.keys.read COUNT : 0
rocksdb.number.multiget.bytes.read COUNT : 0
rocksdb.number.deletes.filtered COUNT : 0
rocksdb.number.merge.failures COUNT : 0
rocksdb.bloom.filter.prefix.checked COUNT : 0
rocksdb.bloom.filter.prefix.useful COUNT : 0
rocksdb.number.reseeks.iteration COUNT : 0
rocksdb.getupdatessince.calls COUNT : 0
rocksdb.block.cachecompressed.miss COUNT : 0
rocksdb.block.cachecompressed.hit COUNT : 0
rocksdb.block.cachecompressed.add COUNT : 0
rocksdb.block.cachecompressed.add.failures COUNT : 0
rocksdb.wal.synced COUNT : 0
rocksdb.wal.bytes COUNT : 0
rocksdb.write.self COUNT : 1
rocksdb.write.other COUNT : 0
rocksdb.write.timeout COUNT : 0
rocksdb.write.wal COUNT : 1
rocksdb.compact.read.bytes COUNT : 0
rocksdb.compact.write.bytes COUNT : 1596
rocksdb.flush.write.bytes COUNT : 0
rocksdb.number.direct.load.table.properties COUNT : 0
rocksdb.number.superversion_acquires COUNT : 2
rocksdb.number.superversion_releases COUNT : 0
rocksdb.number.superversion_cleanups COUNT : 0
rocksdb.number.block.compressed COUNT : 0
rocksdb.number.block.decompressed COUNT : 0
rocksdb.number.block.not_compressed COUNT : 0
rocksdb.merge.operation.time.nanos COUNT : 0
rocksdb.filter.operation.time.nanos COUNT : 0
rocksdb.row.cache.hit COUNT : 0
rocksdb.row.cache.miss COUNT : 0
rocksdb.read.amp.estimate.useful.bytes COUNT : 0
rocksdb.read.amp.total.read.bytes COUNT : 0
rocksdb.number.rate_limiter.drains COUNT : 0
rocksdb.number.iter.skip COUNT : 0
rocksdb.blobdb.num.put COUNT : 0
rocksdb.blobdb.num.write COUNT : 0
rocksdb.blobdb.num.get COUNT : 0
rocksdb.blobdb.num.multiget COUNT : 0
rocksdb.blobdb.num.seek COUNT : 0
rocksdb.blobdb.num.next COUNT : 0
rocksdb.blobdb.num.prev COUNT : 0
rocksdb.blobdb.num.keys.written COUNT : 0
rocksdb.blobdb.num.keys.read COUNT : 0
rocksdb.blobdb.bytes.written COUNT : 0
rocksdb.blobdb.bytes.read COUNT : 0
rocksdb.blobdb.write.inlined COUNT : 0
rocksdb.blobdb.write.inlined.ttl COUNT : 0
rocksdb.blobdb.write.blob COUNT : 0
rocksdb.blobdb.write.blob.ttl COUNT : 0
rocksdb.blobdb.blob.file.bytes.written COUNT : 0
rocksdb.blobdb.blob.file.bytes.read COUNT : 0
rocksdb.blobdb.blob.file.synced COUNT : 0
rocksdb.blobdb.blob.index.expired.count COUNT : 0
rocksdb.blobdb.blob.index.expired.size COUNT : 0
rocksdb.blobdb.blob.index.evicted.count COUNT : 0
rocksdb.blobdb.blob.index.evicted.size COUNT : 0
rocksdb.blobdb.gc.num.files COUNT : 0
rocksdb.blobdb.gc.num.new.files COUNT : 0
rocksdb.blobdb.gc.failures COUNT : 0
rocksdb.blobdb.gc.num.keys.overwritten COUNT : 0
rocksdb.blobdb.gc.num.keys.expired COUNT : 0
rocksdb.blobdb.gc.num.keys.relocated COUNT : 0
rocksdb.blobdb.gc.bytes.overwritten COUNT : 0
rocksdb.blobdb.gc.bytes.expired COUNT : 0
rocksdb.blobdb.gc.bytes.relocated COUNT : 0
rocksdb.blobdb.fifo.num.files.evicted COUNT : 0
rocksdb.blobdb.fifo.num.keys.evicted COUNT : 0
rocksdb.blobdb.fifo.bytes.evicted COUNT : 0
rocksdb.txn.overhead.mutex.prepare COUNT : 0
rocksdb.txn.overhead.mutex.old.commit.map COUNT : 0
rocksdb.txn.overhead.duplicate.key COUNT : 0
rocksdb.txn.overhead.mutex.snapshot COUNT : 0
rocksdb.number.multiget.keys.found COUNT : 0
rocksdb.num.iterator.created COUNT : 2
rocksdb.num.iterator.deleted COUNT : 1
rocksdb.db.get.micros P50 : 0.000000 P95 : 0.000000 P99 : 0.000000 P100 : 0.000000 COUNT : 0 SUM : 0
rocksdb.db.write.micros P50 : 0.000000 P95 : 0.000000 P99 : 0.000000 P100 : 0.000000 COUNT : 0 SUM : 0
rocksdb.compaction.times.micros P50 : 0.000000 P95 : 0.000000 P99 : 0.000000 P100 : 0.000000 COUNT : 0 SUM : 0
rocksdb.subcompaction.setup.times.micros P50 : 0.000000 P95 : 0.000000 P99 : 0.000000 P100 : 0.000000 COUNT : 0 SUM : 0
rocksdb.table.sync.micros P50 : 725.000000 P95 : 842.000000 P99 : 842.000000 P100 : 842.000000 COUNT : 2 SUM : 1427
rocksdb.compaction.outfile.sync.micros P50 : 0.000000 P95 : 0.000000 P99 : 0.000000 P100 : 0.000000 COUNT : 0 SUM : 0
rocksdb.wal.file.sync.micros P50 : 0.000000 P95 : 0.000000 P99 : 0.000000 P100 : 0.000000 COUNT : 0 SUM : 0
rocksdb.manifest.file.sync.micros P50 : 480.000000 P95 : 495.000000 P99 : 495.000000 P100 : 495.000000 COUNT : 2 SUM : 960
rocksdb.table.open.io.micros P50 : 76.000000 P95 : 106.600000 P99 : 107.000000 P100 : 107.000000 COUNT : 2 SUM : 183
rocksdb.db.multiget.micros P50 : 0.000000 P95 : 0.000000 P99 : 0.000000 P100 : 0.000000 COUNT : 0 SUM : 0
rocksdb.read.block.compaction.micros P50 : 0.000000 P95 : 0.000000 P99 : 0.000000 P100 : 0.000000 COUNT : 0 SUM : 0
rocksdb.read.block.get.micros P50 : 1.000000 P95 : 12.000000 P99 : 12.000000 P100 : 12.000000 COUNT : 4 SUM : 20
rocksdb.write.raw.block.micros P50 : 0.625000 P95 : 1.750000 P99 : 1.950000 P100 : 2.000000 COUNT : 10 SUM : 7
rocksdb.l0.slowdown.count P50 : 0.000000 P95 : 0.000000 P99 : 0.000000 P100 : 0.000000 COUNT : 0 SUM : 0
rocksdb.memtable.compaction.count P50 : 0.000000 P95 : 0.000000 P99 : 0.000000 P100 : 0.000000 COUNT : 0 SUM : 0
